tree
version=v4
num_class=1
num_tree_per_iteration=1
label_index=0
max_feature_idx=21
objective=binary sigmoid:1
feature_names=Column_0 Column_1 Column_2 Column_3 Column_4 Column_5 Column_6 Column_7 Column_8 Column_9 Column_10 Column_11 Column_12 Column_13 Column_14 Column_15 Column_16 Column_17 Column_18 Column_19 Column_20 Column_21
feature_infos=[0:4304581] [174026416739:4363500802118] [2:inf] [2:inf] [2:inf] [4:inf] [4:inf] none none none none none [1:5.8533559534410564] [1:5.9259455648060513] [1:5.9627876652394614] [1:5.9813472990051038] [1:5.9906619841475894] [1:5.9953280717310431] [1:5.9976633052786994] [1:5.9988314699299625] [1:5.9994156892797967] [1:5.9997078332176228]
tree_sizes=3390 3389 3400 3398 3388 3379 2990 3394 3396 3376 3384 3396 3394 3384 3402 3398 3382 3396 3390 3403 3402 3398 3400 3403 3388 3386 3406

Tree=0
num_leaves=31
num_cat=0
split_feature=12 1 12 1 1 1 3 1 12 1 1 1 1 1 1 12 1 1 1 12 1 1 1 1 1 1 1 1 1 1
split_gain=2197.32 133.557 110.112 87.951 55.1171 162.807 39.0278 33.7579 28.4621 28.4465 20.8175 13.9517 13.1473 39.7832 10.6652 10.3287 9.27874 40.5166 14.2034 10.9146 9.44868 5.90744 5.63934 13.5369 22.0798 6.51741 17.3772 11.0443 5.12645 11.9444
threshold=1.4853277473821602 251391454303.50003 1.9755958669540026 4363500794116.0005 1514623722689.0002 1862882906604.5002 30.500000000000004 4092079271318.5005 2.9173279570516617 1514623724658.5002 1862882915111.5002 251391453524.00003 251391438722.50003 251391448486.50003 1514623712833.5002 4.88572887986611 2384994529185.5005 1862882913040.0002 4363500794116.0005 1.974275995881978 1862882916443.5002 4363500801101.5005 251391438722.50003 251391437180.00003 251391436552.50003 251391442497.50003 251391441891.00003 251391443299.00003 4363500799810.5005 4363500799053.5005
decision_type=2 2 2 2 2 2 2 2 2 2 2 2 2 2 2 2 2 2 2 2 2 2 2 2 2 2 2 2 2 2
left_child=1 11 16 4 14 9 -4 12 -9 -6 -7 22 -8 -14 -3 -10 17 -2 -18 -20 -19 28 23 24 -1 26 -24 -27 29 -5
right_child=2 3 6 21 5 10 7 8 15 -11 -12 -13 13 -15 -16 -17 18 20 19 -21 -22 -23 25 -25 -26 27 -28 -29 -30 -31
leaf_value=-0.066774149877692618 -0.078683959995420466 -0.057081786152857826 -0.089777793496526648 -0.069974626138905704 -0.085288016027626617 -0.06354366915153066 -0.089687492260225349 -0.08766806054690135 -0.074103727585987156 -0.069925825226073504 -0.057571682793086054 -0.083619249180778829 -0.075102783893417679 -0.086845336230923942 -0.05076404736491838 -0.060256513324909722 -0.085542573682230533 -0.054955724517275567 -0.068600347559148692 -0.083834573935210807 -0.068934100928518247 -0.079692738952901673 -0.07026911440599648 -0.056338538988832301 -0.088291796351952653 -0.05525021278436635 -0.090294316568169997 -0.069327490479875478 -0.064261553757344436 -0.085288016027626617
leaf_weight=105.86659979820251 93.881701707839966 40.948401808738708 251.68285989761353 33.957211256027222 13.982381105422972 66.166624873876572 65.916939496994019 15.230807989835737 23.470425426959995 87.389881908893585 495.37578773498535 5.9924490451812735 36.2043796479702 142.07097944617271 76.903096079826355 6.9911905527114859 29.462874472141266 8.4893028140068072 11.984898090362551 7.7402466833591452 11.235841959714888 8.4893028140068036 24.968537688255314 11.485527336597441 4.9937075376510611 5.9924490451812735 5.2433929145336142 79.649635225534439 9.9874150753021222 5.9924490451812735
leaf_count=424 376 164 1008 136 56 265 264 61 94 350 1984 24 145 569 308 28 118 34 48 31 45 34 100 46 20 24 21 319 40 24
internal_value=-0.0709795 -0.0620403 -0.084729 -0.0601463 -0.0592607 -0.060381 -0.0868968 -0.0843954 -0.0765065 -0.0720447 -0.0582754 -0.0685492 -0.0858716 -0.0844606 -0.0529592 -0.0709257 -0.0775175 -0.0759466 -0.0811457 -0.0745783 -0.0629181 -0.0719807 -0.06817 -0.0666728 -0.0677434 -0.0697512 -0.0737446 -0.0683425 -0.0706696 -0.0722716
internal_weight=0 1083.38 704.362 839.193 780.766 662.915 541.568 289.885 45.6924 101.372 561.542 244.192 244.192 178.275 117.851 30.4616 162.795 113.607 49.188 19.7251 19.7251 58.4264 238.2 122.346 110.86 115.854 30.2119 85.6421 49.9371 39.9497
internal_count=7160 4339 2821 3361 3127 2655 2169 1161 183 406 2249 978 978 714 472 122 652 455 197 79 79 234 954 490 444 464 121 343 200 160
is_linear=0
shrinkage=1


Tree=1
num_leaves=31
num_cat=0
split_feature=12 0 0 0 0 0 0 12 3 1 0 12 0 0 1 0 1 1 1 1 1 0 0 1 12 1 1 1 1 12
split_gain=2154.07 334.286 515.854 301.743 170.393 168.118 150.538 108.079 38.327 34.984 33.7972 46.5487 31.1948 39.942 29.7495 23.0547 21.5066 19.9768 10.7617 9.10193 39.7174 14.0781 32.7739 13.9362 10.7033 9.25303 8.53026 6.26453 5.93908 4.63215
threshold=1.4853277473821602 4294426.5000000009 4298587.0000000009 4299928.5000000009 4298461.5000000009 4291006.0000000009 4296982.0000000009 1.9755958669540026 30.500000000000004 4363500795115.5005 4294360.5000000009 4.88572887986611 4291379.0000000009 4291350.5000000009 251391454303.50003 4301505.0000000009 251391434219.00003 4092079265860.5005 4363500794116.0005 2384994529185.5005 1862882913040.0002 4295120.0000000009 4295139.0000000009 4363500794116.0005 1.974275995881978 1862882916443.5002 1862882914324.5002 2883033190491.5005 1862882907364.5002 5.8246057924211625
decision_type=2 2 2 2 2 2 2 2 2 2 2 2 2 2 2 2 2 2 2 2 2 2 2 2 2 2 2 2 2 2
left_child=1 5 4 17 6 28 14 19 29 -7 -10 18 13 -11 -3 26 -8 27 -12 20 21 -2 -23 -21 -25 -22 -5 -4 -1 -9
right_child=7 2 3 15 -6 9 16 8 10 12 11 -13 -14 -15 -16 -17 -18 -19 -20 23 25 22 -24 24 -26 -27 -28 -29 -30 -31
leaf_value=-0.019331762514955268 -0.015453676454720853 -0.0090572236239110215 0.020109101652038771 -0.018883624502213599 -0.019214185140752134 0.017893710360582047 -0.0033362228472572295 -0.018971869056533044 -0.018293039916203471 0.015494287665730758 -0.013157783151005385 0.010957247476393536 0.02069918540162706 -0.019312627463872373 -0.0015609296563919247 0.0073003348828609765 0.016323176057445533 0.0062759814917138761 -0.0069570757755667923 -0.014425690976093844 0.015855501997763588 0.014141632602095461 -0.0079022550127220356 0.0023551701120607155 -0.012732877947836497 0.0020248046707123856 -0.0079017693986287527 0.016779929306090888 -0.0066452387686381223 -0.013323183548051966
leaf_weight=11.23645840585232 18.471395224332809 74.152783423662186 154.35611446201801 21.72483566403389 57.192825049161911 377.65234999358654 6.2430381774902335 236.02408811450005 92.073174402117729 5.743072837591173 154.22227564454079 9.2391686439514142 7.7411430925130835 7.740095928311348 185.06527151167393 5.2447785884141913 51.203174382448196 13.237469106912611 34.196044519543648 29.446098178625107 8.4935854375362414 7.4884034693241111 67.894858121871948 11.985893011093141 7.7363987565040579 11.236645951867102 10.487670063972471 89.176087886095047 5.4944433867931357 15.468809157609938
leaf_count=45 74 297 618 87 229 1512 25 946 369 23 618 37 31 31 741 21 205 53 137 118 34 30 272 48 31 45 42 357 22 62
internal_value=0 0.00884731 0.00446673 0.0143718 -0.00332864 0.015889 -0.000459546 -0.0136195 -0.0157682 0.0171916 -0.0132889 -0.0109578 0.00469926 -0.00448684 -0.00370534 -0.0121425 0.0141867 0.0182397 -0.0120324 -0.00647429 -0.00491838 -0.00762962 -0.00571246 -0.0100686 -0.00356337 0.00797872 -0.0153082 0.01889 -0.0151655 -0.0186244
internal_weight=0 1083.69 668.084 294.227 373.857 415.608 316.664 703.977 541.224 398.877 289.731 197.657 21.2243 13.4832 259.218 37.4573 57.4462 256.77 188.418 162.753 113.585 93.8547 75.3833 49.1684 19.7223 19.7302 32.2125 243.532 16.7309 251.493
internal_count=7160 4339 2675 1178 1497 1664 1268 2821 2169 1597 1161 792 85 54 1038 150 230 1028 755 652 455 376 302 197 79 79 129 975 67 1008
is_linear=0
shrinkage=0.01


Tree=2
num_leaves=31
num_cat=0
split_feature=2 0 0 0 0 0 0 2 1 0 0 1 1 12 6 0 0 1 1 1 1 1 1 1 12 2 1 2 1 1
split_gain=2121.93 327.171 502.956 295.583 168.352 164.697 146.117 126.595 34.2496 30.5557 39.1622 28.2223 28.1835 26.8097 23.0376 50.0517 22.6131 21.0634 20.741 38.9358 19.9466 19.5587 17.0224 23.9094 15.4517 10.0264 8.37458 6.65018 6.13023 5.83079
threshold=44.500000000000007 4294426.5000000009 4298587.0000000009 4299928.5000000009 4298461.5000000009 4291006.0000000009 4296982.0000000009 35.500000000000007 4363500795115.5005 4291379.0000000009 4291350.5000000009 251391454303.50003 4363500794116.0005 1.9755958669540026 14.500000000000002 4294506.0000000009 4301505.0000000009 251391434219.00003 2384994529185.5005 1862882913040.0002 4363500799182.0005 4092079265860.5005 251391448486.50003 251391442497.50003 1.9755958669540026 33.500000000000007 1862882914324.5002 39.500000000000007 2883033190491.5005 1862882907364.5002
decision_type=2 2 2 2 2 2 2 2 2 2 2 2 2 2 2 2 2 2 2 2 2 2 2 2 2 2 2 2 2 2
left_child=7 5 4 21 6 29 11 14 -7 10 -10 -3 13 18 15 -1 26 -8 19 -9 24 28 23 -15 -14 -16 -5 -22 -4 -2
right_child=1 2 3 16 -6 8 17 12 9 -11 -12 -13 20 22 25 -17 -18 -19 -20 -21 27 -23 -24 -25 -26 -27 -28 -29 -30 -31
leaf_value=-0.0180850819805231 -0.019153098258029404 -0.0087698780610792563 0.019897796719300948 -0.018708499164333418 -0.019035384594491368 0.017706607199891054 -0.0033032387923671463 -0.0075558144467084403 0.015331992926764151 0.020479997946930364 -0.019134505745333149 -0.0014948284201218745 -0.00069152480365013787 -0.013505015218116019 -0.018554493572313379 0.0076831542547096581 0.0072257682188073494 0.016153059371425933 -0.014291032141041316 0.0078973463231062236 -0.012652870574176077 0.0062120892508122421 -0.016037887169098559 0.0027120930336139554 0.018212886119810749 -0.013796349623452098 -0.0078249829858518163 2.1749994873068633e-05 0.016605242065735503 -0.0065802523519615979
leaf_weight=21.938543543219566 11.227903157472612 74.626154780387878 154.43492877483368 21.70899099111557 57.152933716773987 377.82561358809471 6.2423259019851676 93.823976427316666 5.7458124607801455 7.7457281202077857 7.7340556383132935 186.8017351180315 10.23414519429207 26.935924991965294 321.08664943277836 11.483512639999388 5.245908096432685 51.224884077906609 29.426418870687485 19.734170362353325 10.729660615324976 13.239871606230734 76.555763691663742 13.722849801182745 7.4864439964294425 51.371753424406052 10.484693780541418 6.7400537133216849 89.212884351611137 5.4932250529527655
leaf_count=88 45 299 618 87 229 1512 25 376 23 31 31 748 41 108 1288 46 21 205 118 79 43 53 307 55 30 206 42 27 357 22
internal_value=0 0.00875482 0.00443256 0.0142232 -0.00323046 0.0157239 -0.000397874 -0.0135599 0.0170122 0.00465193 -0.00444311 -0.00357153 -0.00857949 -0.00971544 -0.0171846 -0.00923135 -0.0120268 0.0140396 -0.00680915 -0.00487036 -0.000180215 0.018049 -0.0132607 -0.00803154 0.00729505 -0.0178982 -0.015164 -0.00776283 0.0186922 -0.0150227
internal_weight=0 1086.15 670.375 294.327 376.048 415.772 318.895 701.27 399.051 21.2256 13.4799 261.428 295.389 260.199 405.88 33.4221 37.4396 57.4672 142.985 113.558 35.1903 256.888 117.215 40.6588 17.7206 372.458 32.1937 17.4697 243.648 16.7211
internal_count=7160 4348 2684 1178 1506 1664 1277 2812 1597 85 54 1047 1184 1043 1628 134 150 230 573 455 141 1028 470 163 71 1494 129 70 975 67
is_linear=0
shrinkage=0.01


Tree=3
num_leaves=31
num_cat=0
split_feature=2 0 0 0 0 0 0 2 1 0 0 1 1 12 6 0 0 1 1 1 1 1 1 1 12 2 1 2 1 12
split_gain=2080.63 320.484 492.848 289.6 165.173 161.372 143.186 124.37 33.5352 29.9363 38.4039 27.6774 27.6491 26.3197 22.6324 49.1107 22.1831 20.6336 20.3571 38.1699 19.5508 19.1589 16.7181 23.4565 15.1299 9.85977 8.22559 6.52401 6.00401 5.80089
threshold=44.500000000000007 4294426.5000000009 4298587.0000000009 4299928.5000000009 4298461.5000000009 4291006.0000000009 4296982.0000000009 35.500000000000007 4363500795115.5005 4291379.0000000009 4291350.5000000009 251391454303.50003 4363500794116.0005 1.9755958669540026 14.500000000000002 4294506.0000000009 4301505.0000000009 251391434219.00003 2384994529185.5005 1862882913040.0002 4363500799182.0005 4092079265860.5005 251391448486.50003 251391442497.50003 1.9755958669540026 33.500000000000007 1862882914324.5002 39.500000000000007 2883033190491.5005 5.8295651518121305
decision_type=2 2 2 2 2 2 2 2 2 2 2 2 2 2 2 2 2 2 2 2 2 2 2 2 2 2 2 2 2 2
left_child=7 5 4 21 6 -2 11 14 -7 10 -10 -3 13 18 15 -1 26 -8 19 -9 24 28 23 -15 -14 -16 -5 -22 -4 -17
right_child=1 2 3 16 -6 8 17 12 9 -11 -12 -13 20 22 25 29 -18 -19 -20 -21 27 -23 -24 -25 -26 -27 -28 -29 -30 -31
leaf_value=-0.017922892863117646 -0.014883056202753887 -0.0086854454746633121 0.019692754492100537 -0.018538140767761838 -0.018861568986472284 0.017524316974105007 -0.0032705956938114599 -0.0074828130339635321 0.015173273975346534 0.020267550827275098 -0.018961386315460887 -0.0014799530238720929 -0.00068462862557190445 -0.013379392927205951 -0.018388752252198094 0.014114296583132272 0.0071521659227666689 0.015986892704781396 -0.014158996987511359 0.0078167917844315198 -0.012533690940808971 0.0061489773532189245 -0.01589140841918078 0.0026846517098623097 0.018018288303014784 -0.01366846509768938 -0.0077491608478259871 2.1532474718888202e-05 0.016434733193292465 -0.00015328812637032931
leaf_weight=21.915811792016029 16.709269672632217 74.598228141665459 154.48221887648106 21.689498469233513 57.1030632853508 377.93762177228928 6.2415864318609229 93.792070835828781 5.7478459328413027 7.7486344426870337 7.7266578823328018 186.79261435568333 10.233870252966883 26.917037963867188 320.74253958463669 6.245481073856352 5.2468886971473685 51.239658862352371 29.403927981853485 19.738142669200897 10.723400369286539 13.241993218660353 76.489129185676575 13.724478080868719 7.4915976226329795 51.334059461951256 10.481425479054449 6.7400593459606162 89.236950740218163 5.2410189360380173
leaf_count=88 67 299 618 87 229 1512 25 376 23 31 31 748 41 108 1288 25 21 205 118 79 43 53 307 55 30 206 42 27 357 21
internal_value=0 0.00866664 0.00438834 0.0140785 -0.00319879 0.015563 -0.000393932 -0.0134347 0.0168375 0.00460589 -0.0044005 -0.00353633 -0.00849763 -0.00962329 -0.0170296 -0.0091445 -0.0119135 0.0138958 -0.00674345 -0.00482285 -0.000178445 0.0178634 -0.0131375 -0.00795463 0.00722008 -0.0177375 -0.015023 -0.00768798 0.0184998 0.00760433
internal_weight=0 1086.22 670.354 294.379 375.975 415.87 318.872 700.733 399.161 21.2231 13.4745 261.391 295.254 260.065 405.479 33.4023 37.4178 57.4812 142.934 113.53 35.1889 256.961 117.131 40.6415 17.7255 372.077 32.1709 17.4635 243.719 11.4865
internal_count=7160 4348 2684 1178 1506 1664 1277 2812 1597 85 54 1047 1184 1043 1628 134 150 230 573 455 141 1028 470 163 71 1494 129 70 975 46
is_linear=0
shrinkage=0.01


Tree=4
num_leaves=31
num_cat=0
split_feature=2 0 0 0 0 0 0 2 1 0 0 1 1 12 6 0 0 1 1 1 1 1 1 1 12 2 1 2 1 1
split_gain=2040.36 314.004 483.024 283.788 162.086 158.14 140.328 122.228 32.8403 29.3357 37.6661 27.1446 27.1269 25.8451 22.2389 48.1949 21.7644 20.2166 19.9838 37.4201 19.164 18.7762 16.424 23.0147 14.8182 9.70219 8.08292 6.401 5.88535 5.7342
threshold=44.500000000000007 4294426.5000000009 4298587.0000000009 4299928.5000000009 4298461.5000000009 4291006.0000000009 4296982.0000000009 35.500000000000007 4363500795115.5005 4291379.0000000009 4291350.5000000009 251391454303.50003 4363500794116.0005 1.9755958669540026 14.500000000000002 4294506.0000000009 4301505.0000000009 251391434219.00003 2384994529185.5005 1862882913040.0002 4363500799182.0005 4092079265860.5005 251391448486.50003 251391442497.50003 1.9755958669540026 33.500000000000007 1862882914324.5002 39.500000000000007 2883033190491.5005 1862882907364.5002
decision_type=2 2 2 2 2 2 2 2 2 2 2 2 2 2 2 2 2 2 2 2 2 2 2 2 2 2 2 2 2 2
left_child=7 5 4 21 6 29 11 14 -7 10 -10 -3 13 18 15 -1 26 -8 19 -9 24 28 23 -15 -14 -16 -5 -22 -4 -2
right_child=1 2 3 16 -6 8 17 12 9 -11 -12 -13 20 22 25 -17 -18 -19 -20 -21 27 -23 -24 -25 -26 -27 -28 -29 -30 -31
leaf_value=-0.017764863051184278 -0.018846809535276211 -0.0086021219739447138 0.019493704766391503 -0.0183723615111345 -0.018692539060985204 0.017346646894578287 -0.003238289562154501 -0.0074107024265183787 0.015017999432468685 0.020061548187470669 -0.018793070162392879 -0.001465226084591219 -0.00067780089530827727 -0.013256046913733372 -0.018227415866467329 0.0075270481992818763 0.0070795114176359355 0.01582452549963308 -0.014029498761639857 0.0077373125817287473 -0.012416547034953021 0.0060866336743921404 -0.015748142382585196 0.0026575005784306182 0.017828821856859987 -0.013542946002718824 -0.007674282441907012 2.1316945291051822e-05 0.016268237578055015 -0.0063712290692653417
leaf_weight=21.889787808060646 11.207776486873628 74.567758738994598 154.49892581999302 21.666470170021057 57.043523341417313 377.99017485976219 6.240820884704589 93.757850527763367 5.7491941303014773 7.7499118000268927 7.7179442197084427 186.78338220715523 10.233596146106722 26.895927429199219 320.34767164289951 11.488378435373304 5.2477245181798926 51.247704207897186 29.37870991230011 19.741469740867615 10.71635937690735 13.243841812014578 76.413500711321831 13.726040691137312 7.495477855205535 51.291945517063141 10.477874055504797 6.7400647848844519 89.248659431934357 5.488465502858161
leaf_count=88 45 299 618 87 229 1512 25 376 23 31 31 748 41 108 1288 46 21 205 118 79 43 53 307 55 30 206 42 27 357 22
internal_value=0 0.00858038 0.00434501 0.0139375 -0.0031676 0.0154061 -0.000390039 -0.0133121 0.0166671 0.00456108 -0.00435894 -0.0035015 -0.0084171 -0.00953264 -0.0168786 -0.00905968 -0.0118026 0.0137551 -0.00667866 -0.00477594 -0.000176701 0.0176826 -0.0130168 -0.00787891 0.00714641 -0.0175809 -0.0148852 -0.00761419 0.0183127 -0.0147458
internal_weight=0 1086.17 670.267 294.383 375.883 415.903 318.84 700.117 399.207 21.2171 13.4671 261.351 295.099 259.913 405.018 33.3782 37.3921 57.4885 142.878 113.499 35.1855 256.991 117.035 40.622 17.7291 371.64 32.1443 17.4564 243.748 16.6962
internal_count=7160 4348 2684 1178 1506 1664 1277 2812 1597 85 54 1047 1184 1043 1628 134 150 230 573 455 141 1028 470 163 71 1494 129 70 975 67
is_linear=0
shrinkage=0.01


Tree=5
num_leaves=31
num_cat=0
split_feature=12 0 0 0 0 0 0 12 3 1 0 12 0 0 1 0 1 1 1 1 1 0 0 1 12 1 1 1 1 6
split_gain=1991.3 307.979 475.883 278.139 157.908 154.996 138.891 100.733 36.2671 32.1639 31.9959 43.8361 28.753 36.9482 27.5553 21.3565 19.812 18.4098 10.0593 8.39482 36.686 13.8337 32.154 13.0246 10.3601 9.06265 7.94623 5.77374 5.63613 4.56103
threshold=1.4853277473821602 4294426.5000000009 4298587.0000000009 4299928.5000000009 4298461.5000000009 4291006.0000000009 4296982.0000000009 1.9755958669540026 30.500000000000004 4363500795115.5005 4294360.5000000009 4.88572887986611 4291379.0000000009 4291350.5000000009 251391454303.50003 4301505.0000000009 251391434219.00003 4092079265860.5005 4363500794116.0005 2384994529185.5005 1862882913040.0002 4295120.0000000009 4295139.0000000009 4363500794116.0005 1.974275995881978 1862882916443.5002 1862882914324.5002 2883033190491.5005 1862882907364.5002 13.500000000000002
decision_type=2 2 2 2 2 2 2 2 2 2 2 2 2 2 2 2 2 2 2 2 2 2 2 2 2 2 2 2 2 2
left_child=1 5 4 17 6 28 14 19 29 -7 -10 18 13 -11 -3 26 -8 27 -12 20 21 -2 -23 -21 -25 -22 -5 -4 -1 -9
right_child=7 2 3 15 -6 9 16 8 10 12 11 -13 -14 -15 -16 -17 -18 -19 -20 23 25 22 -24 24 -26 -27 -28 -29 -30 -31
leaf_value=-0.018681639156895379 -0.015102870682018803 -0.00872001336708534 0.019300392727205039 -0.018210981373607445 -0.0185281067176515 0.017173413218428041 -0.0032063147187720836 -0.013163528728094011 -0.017671262686529361 0.014866042319896234 -0.012656644114137146 0.010741924726505337 0.019861711470228818 -0.018629368330760551 -0.0015012218072514797 0.0070077827066729681 0.015665812673600371 0.0060250428093665768 -0.0066551093076689105 -0.013902450421183127 0.015451547288067554 0.0142295898334569 -0.0076097669109580889 0.0024294980351491804 -0.012423481626127209 0.0017686783172842608 -0.0076003281956137092 0.016105603825974535 -0.0063094287724958578 -0.018368325682504207
leaf_weight=11.193867743015291 18.437277019023895 74.036460071802139 154.48595990240574 21.64001727104187 56.974612653255463 377.98503746092319 6.2400300055742255 18.152863964438438 91.676465883851051 5.7498771399259585 153.74456965923309 9.2416884154081327 7.7496085762977591 7.7079557925462723 185.02880226075649 5.2484200894832602 51.249220192432404 13.245426043868063 34.127537280321121 29.350856095552444 8.499479681253435 7.4858285486698142 67.798292636871338 11.982015803456308 7.7229484468698493 11.244689896702765 10.474049046635626 89.248382806777954 5.4868105798959723 232.20536886155605
leaf_count=45 74 297 618 87 229 1512 25 73 369 23 618 37 31 31 741 21 205 53 137 118 34 30 272 48 31 45 42 357 22 935
internal_value=0 0.00849752 0.00429092 0.0138 -0.00320229 0.0152531 -0.000443889 -0.0131251 -0.0152054 0.0165011 -0.0127905 -0.0105205 0.00451747 -0.00431841 -0.00356423 -0.0116939 0.0136174 0.0175066 -0.0115664 -0.00622399 -0.0047296 -0.00733946 -0.00543818 -0.00968049 -0.00339182 0.00765889 -0.0147503 0.0181306 -0.014612 -0.0179909
internal_weight=0 1083.74 667.871 294.342 373.529 415.873 316.555 701.67 539.148 399.192 288.79 197.114 21.2074 13.4578 259.065 37.3625 57.4893 256.98 187.872 162.521 113.466 93.7214 75.2841 49.0558 19.705 19.7442 32.1141 243.734 16.6807 250.358
internal_count=7160 4339 2675 1178 1497 1664 1268 2821 2169 1597 1161 792 85 54 1038 150 230 1028 755 652 455 376 302 197 79 79 129 975 67 1008
is_linear=0
shrinkage=0.01


Tree=6
num_leaves=27
num_cat=0
split_feature=2 2 6 12 2 6 2 12 2 4 12 2 3 12 12 2 2 3 2 12 3 3 2 2 2 3
split_gain=1962.98 118.577 21.5241 15.767 11.1285 15.8903 9.45542 5.77896 5.1903 4.60803 5.25497 4.47463 3.91127 3.12637 2.83015 1.85105 1.05928 2.24604 0.807104 0.752332 0.571402 0.237359 0.108792 0.0954505 0.062868 6.85462e-07
threshold=44.500000000000007 35.500000000000007 14.500000000000002 1.9755958669540026 10.500000000000002 10.500000000000002 33.500000000000007 5.8318203815822347 40.500000000000007 7.5000000000000009 3.9438900741051093 40.500000000000007 32.500000000000007 2.9186442592663338 2.9179858854072562 42.500000000000007 36.500000000000007 41.500000000000007 39.500000000000007 1.9802295125484259 36.500000000000007 35.500000000000007 38.500000000000007 12.500000000000002 41.500000000000007 6.5000000000000009
decision_type=2 2 2 2 2 2 2 2 2 2 2 2 2 2 2 2 2 2 2 2 2 2 2 2 2 2
left_child=1 2 4 11 5 7 9 -1 16 10 -4 18 25 14 -10 24 20 -18 22 -11 -5 -14 -3 -6 -13 -8
right_child=-2 3 6 8 23 -7 12 -9 13 19 -12 15 21 -15 -16 -17 17 -19 -20 -21 -22 -23 -24 -25 -26 -27
leaf_value=-0.0037516710771341574 0.0084138293636041878 -0.0080872755645567014 -0.018468034273265037 -0.012917678353224989 -0.016458506639306984 0.0098425636743156453 -0.018452475701886312 -0.015277494934875147 -0.0053304552725464546 -0.015488133003656873 -0.0051901107701744133 -0.0029581847679564354 -0.010327875890172511 0.00023943336540690026 -0.013282091480458171 -0.0072368008670140324 -0.01193859673751909 -0.018604246907435458 -0.0058233808496281373 -0.018253301731669804 -0.0097283579391896115 -0.012216269491375907 -0.0073638794493710857 -0.018374651509549249 -0.0021369666884892917 -0.018457417965375741
leaf_weight=8.467889532446863 1085.6801566779613 46.082133397459984 5.9581279903650266 6.96192742884159 4.9650195837020856 5.4870339334011105 6.4542828500270844 8.9458820968866331 11.193051964044576 10.176084846258162 5.9644558131694794 22.429288312792778 8.4523115307092649 5.2283925265073767 7.4588219523429862 11.204254403710364 66.885769546031952 5.468422904610633 28.899760842323303 297.33560420572758 29.090343043208122 31.321528196334839 37.877512857317924 5.4569568932056427 15.952088847756384 4.965066581964491
leaf_count=34 4348 185 24 28 20 22 26 36 45 41 24 90 34 21 30 45 269 22 116 1199 117 126 152 22 64 20
internal_value=0 -0.0130748 -0.0165937 -0.00825189 -0.0088954 -0.0049969 -0.0172859 -0.00967277 -0.0108149 -0.0179253 -0.0118255 -0.00616467 -0.013296 -0.00659461 -0.00851029 -0.00366078 -0.0117446 -0.0124424 -0.00726478 -0.0181618 -0.0103442 -0.011815 -0.00776092 -0.0174618 -0.00261687 -0.0184546
internal_weight=0 698.682 403.95 294.732 33.3228 22.9008 370.627 17.4138 132.287 319.434 11.9226 162.445 51.1932 23.8803 18.6519 49.5856 108.406 72.3542 112.859 307.512 36.0523 39.7738 83.9596 10.422 38.3814 11.4193
internal_count=7160 2812 1628 1184 134 92 1494 70 532 1288 48 652 206 96 75 199 436 291 453 1240 145 160 337 42 154 46
is_linear=0
shrinkage=0.01


Tree=7
num_leaves=31
num_cat=0
split_feature=2 0 0 0 0 0 0 2 1 0 0 1 1 12 0 12 0 1 1 1 1 1 1 1 12 2 1 2 1 1
split_gain=1925.2 301.704 464.158 272.699 156.087 151.958 134.785 116.689 31.5259 28.1922 36.2329 26.427 26.0933 24.5651 20.9445 20.4804 44.0225 19.4258 19.2657 35.9636 18.7531 18.0709 16.2012 22.5905 14.6278 9.2105 7.80634 6.23193 5.67304 5.53619
threshold=44.500000000000007 4294426.5000000009 4298587.0000000009 4299928.5000000009 4298461.5000000009 4291006.0000000009 4296982.0000000009 35.500000000000007 4363500795115.5005 4291379.0000000009 4291350.5000000009 4363500794116.0005 251391454303.50003 1.9755958669540026 4301505.0000000009 5.8168320736865136 4294506.0000000009 251391434219.00003 2384994529185.5005 1862882913040.0002 4363500799182.0005 4092079265860.5005 251391448486.50003 251391442497.50003 1.9755958669540026 33.500000000000007 1862882914324.5002 39.500000000000007 2883033190491.5005 1862882907364.5002
decision_type=2 2 2 2 2 2 2 2 2 2 2 2 2 2 2 2 2 2 2 2 2 2 2 2 2 2 2 2 2 2
left_child=7 5 4 21 6 29 12 15 -7 10 -10 13 -3 18 26 25 -17 -8 19 -9 24 28 23 -15 -13 -1 -5 -22 -4 -2
right_child=1 2 3 14 -6 8 17 11 9 -11 -12 20 -14 22 -16 16 -18 -19 -20 -21 27 -23 -24 -25 -26 -27 -28 -29 -30 -31
leaf_value=-0.017747970524536302 -0.01859295518777038 -0.0085167098898779256 0.019031796266263109 -0.018126092971216173 -0.018440392590125171 0.01692255715808038 -0.0032577396061937857 -0.007211437941568039 0.014633810263585859 0.019586771489506768 -0.018541664805302695 -0.00057137572475306881 -0.0015184020378560018 -0.012909275304222995 0.0068521645832894064 -0.017342916434382901 0.0071669735027053306 0.015428044972823123 -0.01372118977404968 0.0076397178223276269 -0.012147041258747618 0.0058794048079999148 -0.015396811431366888 0.0028694291747200151 0.0178179391530905 -0.01317737340721381 -0.0076081582516775185 0.00013191386968175296 0.015864475243906235 -0.0063298289431196397
leaf_weight=319.89177548885345 11.185465484857561 74.533492892980576 154.41702352464199 21.624439641833305 56.933235079050064 377.87367933988571 6.241285800933837 93.645454615354538 5.749654561281206 7.7465344816446295 7.7019642889499664 10.228249430656435 186.81536142528057 26.822298675775528 5.2494801878929129 21.064062252640724 11.237642794847487 51.239217177033424 29.305591911077499 19.743621617555618 10.696003288030626 13.248203635215758 76.181684985756874 13.712473705410956 7.4955188184976569 51.137932270765305 10.474469125270842 6.7366002947092047 89.225651666522026 5.4873694926500312
leaf_count=1292 45 299 618 87 229 1512 25 376 23 31 31 41 748 108 21 85 45 205 118 79 43 53 307 55 30 206 42 27 357 22
internal_value=0 0.00832918 0.00417675 0.0135827 -0.00318851 0.0150211 -0.00046499 -0.0129587 0.0162568 0.00439009 -0.0043614 -0.00817395 -0.00351423 -0.00927661 -0.0116655 -0.0164531 -0.00881602 0.0133991 -0.00649352 -0.00462551 -3.77063e-05 0.0172534 -0.0126791 -0.00757151 0.00720561 -0.017118 -0.0146939 -0.007402 0.0178719 -0.0145569
internal_weight=0 1085.75 670.002 294.239 375.763 415.745 318.829 697.899 399.072 21.1982 13.4516 294.567 261.349 259.411 37.3484 403.331 32.3017 57.4805 142.695 113.389 35.1564 256.891 116.716 40.5348 17.7238 371.03 32.0989 17.4326 243.643 16.6728
internal_count=7160 4348 2684 1178 1506 1664 1277 2812 1597 85 54 1184 1047 1043 150 1628 130 230 573 455 141 1028 470 163 71 1498 129 70 975 67
is_linear=0
shrinkage=0.01


Tree=8
num_leaves=31
num_cat=0
split_feature=2 0 0 0 0 0 0 2 1 0 0 1 1 13 6 0 0 1 1 1 1 1 1 1 13 2 1 2 1 13
split_gain=1888.69 295.826 455.151 267.38 153.246 148.993 132.135 114.836 30.8892 27.6455 35.5519 25.9357 25.5942 24.1417 20.8559 45.5562 20.556 19.0461 18.923 35.26 18.3838 17.7368 15.9305 22.1734 14.3298 9.19357 7.67972 6.11664 5.57526 5.54116
threshold=44.500000000000007 4294426.5000000009 4298587.0000000009 4299928.5000000009 4298461.5000000009 4291006.0000000009 4296982.0000000009 35.500000000000007 4363500795115.5005 4291379.0000000009 4291350.5000000009 4363500794116.0005 251391454303.50003 1.9877225516386876 14.500000000000002 4294506.0000000009 4301505.0000000009 251391434219.00003 2384994529185.5005 1862882913040.0002 4363500799182.0005 4092079265860.5005 251391448486.50003 251391442497.50003 1.9877225516386876 33.500000000000007 1862882914324.5002 39.500000000000007 2883033190491.5005 5.9138237440250148
decision_type=2 2 2 2 2 2 2 2 2 2 2 2 2 2 2 2 2 2 2 2 2 2 2 2 2 2 2 2 2 2
left_child=7 5 4 21 6 -2 12 14 -7 10 -10 13 -3 18 15 -1 26 -8 19 -9 24 28 23 -15 -13 -16 -5 -22 -4 -17
right_child=1 2 3 16 -6 8 17 11 9 -11 -12 20 -14 22 25 29 -18 -19 -20 -21 27 -23 -24 -25 -26 -27 -28 -29 -30 -31
leaf_value=-0.017233351159138991 -0.01442736271875277 -0.0084355686792108951 0.018851492775860363 -0.017971146102750919 -0.018282711113931829 0.016759639290673606 -0.0032255651979358323 -0.0071425729402494276 0.014489844425262322 0.019400825903902116 -0.018384750730035218 -0.00056567634918899574 -0.0015032908690026071 -0.012794152041104335 -0.017630823118195412 0.01373885940924454 0.0067832915613160192 0.015278022151142321 -0.013599830100017545 0.0075625735553155925 -0.012036310234360911 0.00582028638766583 -0.015264047879456523 0.0028403134828304732 0.017633680357202301 -0.01306062011815386 -0.0075350134292386231 0.00013059398990797783 0.015710959092756521 -0.00020415657910884406
leaf_weight=21.771263524889946 16.654429510235786 74.498093754053116 154.33538538217545 21.592932611703873 56.850428968667984 377.73212632536888 6.2405101954936972 93.603061467409134 5.7487172484397906 7.7425916194915763 7.6900825649499893 10.227987766265871 186.80642741918564 26.793156996369362 318.31862297654152 6.2484986782073957 5.2497510164976111 51.225004762411118 29.271602004766464 19.745561882853508 10.686507046222689 13.248939096927641 76.076377987861633 13.714498415589331 7.498089224100112 51.079412683844566 10.470406860113142 6.7366389334201804 89.196664541959763 5.2409625500440598
leaf_count=88 67 299 618 87 229 1512 25 376 23 31 31 41 748 108 1288 25 21 205 118 79 43 53 307 55 30 206 42 27 357 21
internal_value=0 0.00824942 0.00413676 0.0134535 -0.00315784 0.0148772 -0.000460428 -0.0128455 0.0161007 0.00434959 -0.00432198 -0.00809814 -0.00347969 -0.00919122 -0.016316 -0.00873146 -0.0115599 0.0132686 -0.00643196 -0.00458091 -3.73599e-05 0.0170882 -0.0125667 -0.00750086 0.00713261 -0.0169989 -0.0145632 -0.00733199 0.0177012 0.0073787
internal_weight=0 1085.28 669.715 294.094 375.62 415.568 318.77 697.012 398.914 21.1814 13.4388 294.353 261.305 259.204 402.659 33.2607 37.3131 57.4655 142.62 113.349 35.1492 256.781 116.584 40.5077 17.7261 369.398 32.0633 17.4231 243.532 11.4895
internal_count=7160 4348 2684 1178 1506 1664 1277 2812 1597 85 54 1184 1047 1043 1628 134 150 230 573 455 141 1028 470 163 71 1494 129 70 975 46
is_linear=0
shrinkage=0.01


Tree=9
num_leaves=31
num_cat=0
split_feature=12 0 0 0 0 0 0 12 3 0 12 0 0 0 0 0 0 0 12 6 0 0 12 12 0 0 0 0 0 0
split_gain=1843.58 290.434 448.791 262.204 149.321 146.106 130.877 94.3694 31.201 32.9995 47.734 20.1773 16.1341 14.5815 9.9211 43.3083 17.6394 49.1985 7.92175 7.15595 5.97273 66.4304 5.68801 3.89801 2.99506 2.67734 2.32094 2.15067 2.04221 1.79949
threshold=1.4853277473821602 4294426.5000000009 4298587.0000000009 4299928.5000000009 4298461.5000000009 4291006.0000000009 4296982.0000000009 1.9762564728595458 27.500000000000004 4294360.5000000009 4.88572887986611 4301505.0000000009 4297109.5000000009 4295313.5000000009 4295120.0000000009 4295139.0000000009 4295215.5000000009 4295227.0000000009 2.9625053308413629 10.500000000000002 4291526.5000000009 4291350.5000000009 1.972957910446512 1.973616730110737 4291198.0000000009 4291276.0000000009 4295110.0000000009 4293462.0000000009 4298631.5000000009 4293661.0000000009
decision_type=2 2 2 2 2 2 2 2 2 2 2 2 2 2 2 2 2 2 2 2 2 2 2 2 2 2 2 2 2 2
left_child=1 5 4 28 6 -1 13 14 -9 24 18 -5 -8 -3 22 23 -17 -18 -11 -12 21 25 -2 -16 -10 -7 29 -22 -4 -24
right_child=7 2 3 11 -6 20 12 8 9 10 19 -13 -14 -15 15 16 17 -19 -20 -21 27 -23 26 -25 -26 -27 -28 -29 -30 -31
leaf_value=-0.014299114718195774 -0.0038044300785804669 -0.002886139619916643 0.017346391631852361 -0.014435205775663 -0.018129187878733004 0.011515605838158867 0.016502174892549629 -0.017782314451293281 -0.013067620451642626 -0.010794449292725605 0.0011299659090722512 0.0067152699225248545 0.0047853023013123283 -0.012108581610765033 0.018979652188924775 -0.013335164892257088 0.016108563157330204 -0.0072588824297170626 -0.017154674964300433 0.015995802700074526 0.017496630900221796 -0.0073904001088686555 -0.013349280684039382 0.0076458636057065597 -0.01783280187174531 0.016485027702892847 -0.016850786041567048 0.011635265024568324 0.015029156396828409 -0.0064526979565723988
leaf_weight=16.635856553912163 7.9640127271413794 240.55600751936436 210.19859582185745 32.024356544017792 56.758989661931992 11.486767455935476 40.964360132813454 215.54757340252399 15.356438949704168 151.93366618454456 6.7431798428297043 5.249897673726081 16.480280011892319 18.459502026438713 5.2402476221322996 33.798255562782288 9.9652575850486738 94.002165898680687 22.480385690927505 6.2295112609863263 175.03347998857498 12.670263290405272 11.184411570429804 7.2093442231416702 93.498880788683891 193.0174674987793 11.428250700235369 6.4922031909227362 46.434830471873283 5.7174408584833136
leaf_count=67 32 964 842 129 229 46 164 874 62 613 27 21 66 74 21 136 40 378 91 25 701 51 45 29 379 773 46 26 186 23
internal_value=0 0.00817193 0.00408485 0.0133274 -0.00319364 0.0147367 -0.000514859 -0.0126685 -0.0148877 -0.0127816 -0.0102377 -0.0114563 0.0131407 -0.0035434 -0.00657887 -0.00544519 -0.00705931 -0.00501912 -0.0116142 0.00826857 0.0159483 0.0148293 -0.011271 0.0124165 -0.0171606 0.0162059 -0.0133699 0.017287 0.0169271 -0.0110164
internal_weight=0 1082.46 667.127 293.908 373.219 415.336 316.46 698.299 511.79 296.242 187.387 37.2743 57.4446 259.016 186.509 150.215 137.766 103.967 174.414 12.9727 398.7 217.174 36.2941 12.4496 108.855 204.504 28.3301 181.526 256.633 16.9019
internal_count=7160 4339 2675 1178 1497 1664 1268 2821 2071 1197 756 150 230 1038 750 604 554 418 704 52 1597 870 146 50 441 819 114 727 1028 68
is_linear=0
shrinkage=0.01


Tree=10
num_leaves=31
num_cat=0
split_feature=12 0 0 0 0 0 0 12 3 0 12 1 0 0 1 0 1 1 1 1 1 0 0 1 12 1 1 6 1 1
split_gain=1808.86 284.877 440.192 257.158 146.659 143.29 128.317 93.0166 33.9556 34.782 46.2912 29.848 26.8197 34.4193 26.008 19.8058 18.5019 17.4446 9.7153 7.83871 34.6004 13.4716 30.9306 12.3558 9.94355 8.91904 7.57743 7.00756 5.49906 5.4685
threshold=1.4853277473821602 4294426.5000000009 4298587.0000000009 4299928.5000000009 4298461.5000000009 4291006.0000000009 4296982.0000000009 1.9755958669540026 27.500000000000004 4294360.5000000009 4.88572887986611 4363500795115.5005 4291379.0000000009 4291350.5000000009 251391454303.50003 4301505.0000000009 251391434219.00003 4092079265860.5005 251391448486.50003 2384994529185.5005 1862882913040.0002 4295120.0000000009 4295139.0000000009 4363500794116.0005 1.974275995881978 1862882916443.5002 1862882914324.5002 10.500000000000002 2883033190491.5005 1862882907364.5002
decision_type=2 2 2 2 2 2 2 2 2 2 2 2 2 2 2 2 2 2 2 2 2 2 2 2 2 2 2 2 2 2
left_child=1 5 4 17 6 29 14 19 -9 -10 18 -7 13 -13 -3 26 -8 28 -11 20 21 -2 -23 -21 -25 -22 -5 -12 -4 -1
right_child=7 2 3 15 -6 11 16 8 9 10 27 12 -14 -15 -16 -17 -18 -19 -20 23 25 22 -24 24 -26 -27 -28 -29 -30 -31
leaf_value=-0.018195818367568319 -0.014693509641896186 -0.008521412810854459 0.018521492895897846 -0.017700808970414109 -0.017979665873484544 0.016446909671915991 -0.0032409683186342543 -0.017642413306691609 -0.017041247123710464 -0.0076137137357597728 0.0011186416032724065 0.014198359545754586 0.019072820988862073 -0.018171398481825238 -0.0015051567008354959 0.0066480840154065027 0.014996706932803801 0.0055953255706447684 -0.012652299682497117 -0.013396960672166686 0.015279496914181508 0.014142320789360103 -0.0072767311405487868 0.0025561526522662505 -0.012011695147185338 0.001705955040126942 -0.0073248327505039445 0.015827438302516487 0.015400593300066233 -0.0059914740991922726
leaf_weight=11.139284923672678 18.378499910235405 73.945406034588814 154.10658200085163 21.527969926595691 56.659191399812698 377.29734218120575 6.2408857047557822 215.08655498921871 110.61318609118462 52.059379503130913 6.7433252483606339 5.744858071208002 7.7316180765628806 7.6714223772287369 185.03080247342587 5.2499238997697821 51.180824235081673 13.249599352478979 144.45688983798027 29.207844078540802 8.4998572021722811 7.4882802963256827 67.647800832986832 11.973685115575792 7.6976123750209799 11.245890378952025 10.456991538405417 6.2328025400638563 89.10160019993782 5.4764903783798209
leaf_count=45 74 297 618 87 229 1512 25 874 449 210 27 23 31 31 741 21 205 53 584 118 34 30 272 48 31 45 42 25 357 22
internal_value=0 0.0080951 0.00404629 0.0132039 -0.0031631 0.0145991 -0.000509809 -0.0125593 -0.0145696 -0.0125048 -0.0101096 0.0157989 0.00423829 -0.00431065 -0.00350851 -0.0113538 0.0130145 0.0167694 -0.0113175 -0.00592385 -0.00447941 -0.0070192 -0.00514205 -0.00927085 -0.00314442 0.00754889 -0.0143085 0.00818369 0.0173781 -0.0141733
internal_weight=0 1081.81 666.75 293.693 373.057 415.061 316.398 697.332 535.192 320.106 209.492 398.445 21.1479 13.4163 258.976 37.2349 57.4217 256.458 196.516 162.139 113.26 93.5146 75.1361 48.8791 19.6713 19.7457 31.985 12.9761 243.208 16.6158
internal_count=7160 4339 2675 1178 1497 1664 1268 2821 2169 1295 846 1597 85 54 1038 150 230 1028 794 652 455 376 302 197 79 79 129 52 975 67
is_linear=0
shrinkage=0.01


Tree=11
num_leaves=31
num_cat=0
split_feature=2 0 0 0 0 0 0 2 1 0 0 1 1 12 6 0 0 1 1 1 1 1 1 1 12 2 1 2 1 1
split_gain=1784.51 279.111 429.399 252.253 145.229 140.551 124.495 110.158 29.2569 26.3132 33.7845 25.4632 24.6238 23.1531 20.0511 43.3442 19.4454 18.1494 18.1422 33.9279 17.9736 17.1414 15.5873 21.7645 14.2832 8.87359 7.46221 5.9446 5.41407 5.38312
threshold=44.500000000000007 4294426.5000000009 4298587.0000000009 4299928.5000000009 4298461.5000000009 4291006.0000000009 4296982.0000000009 35.500000000000007 4363500795115.5005 4291379.0000000009 4291350.5000000009 4363500794116.0005 251391454303.50003 1.9755958669540026 14.500000000000002 4294506.0000000009 4301505.0000000009 251391434219.00003 2384994529185.5005 1862882913040.0002 4363500799182.0005 4092079265860.5005 251391448486.50003 251391442497.50003 1.9755958669540026 33.500000000000007 1862882914324.5002 39.500000000000007 2883033190491.5005 1862882907364.5002
decision_type=2 2 2 2 2 2 2 2 2 2 2 2 2 2 2 2 2 2 2 2 2 2 2 2 2 2 2 2 2 2
left_child=7 5 4 21 6 29 12 14 -7 10 -10 13 -3 18 15 -1 26 -8 19 -9 24 28 23 -15 -13 -16 -5 -22 -4 -2
right_child=1 2 3 16 -6 8 17 11 9 -11 -12 20 -14 22 25 -17 -18 -19 -20 -21 27 -23 -24 -25 -26 -27 -28 -29 -30 -31
leaf_value=-0.016813482503053371 -0.018048039506102731 -0.0082398471296257925 0.018355060874986121 -0.01755668262845865 -0.017833996738723015 0.016295104803410662 -0.0032089662049766244 -0.0069531575741815146 0.014063074137475996 0.018901418983511747 -0.018024256477113376 -0.0004769068587699411 -0.0014368664551173437 -0.012505569031077135 -0.017226315620836843 0.0072198028436935447 0.0065817169824080738 0.014855756106990983 -0.013281362753184001 0.0074734974004751513 -0.011746011696453205 0.0055395167260256064 -0.014939473847803721 0.0029967625302559286 0.017695784082460427 -0.012726964574279902 -0.0072550896488166317 0.00025803264463174447 0.015257119540610943 -0.0059339467477763268
leaf_weight=21.641324236989021 11.118293762207033 74.400872200727463 153.94964952766895 21.487850308418277 56.551304131746292 377.00554326176643 6.240096688270568 93.459282085299492 5.7421348541975039 7.723751187324523 7.6567806005477905 10.221822723746302 186.7632222622633 26.708844527602196 316.36865703761578 11.487554833292959 5.2498333752155295 51.149913191795349 29.167641803622246 19.745503604412079 10.656297236680986 13.249254181981085 75.774050742387772 13.702651351690291 7.4971947520971289 50.882598295807838 10.451964512467383 6.731351986527442 89.040395528078079 5.4742979556322089
leaf_count=88 45 299 618 87 229 1512 25 376 23 31 31 41 748 108 1288 46 21 205 118 79 43 53 307 55 30 206 42 27 357 22
internal_value=0 0.00802023 0.00402226 0.0130836 -0.00306606 0.014465 -0.000444381 -0.0125188 0.0156534 0.0042009 -0.00427316 -0.00786701 -0.00337491 -0.00895206 -0.0159308 -0.00847986 -0.011254 0.0128916 -0.00624879 -0.00443682 0.000124244 0.0166159 -0.0122646 -0.00724907 0.00721224 -0.0166029 -0.0141856 -0.00709884 0.0172199 -0.0140513
internal_weight=0 1083.26 668.534 293.429 375.105 414.721 318.554 694.045 398.128 21.1227 13.3989 293.665 261.164 258.558 400.38 33.1289 37.1896 57.39 142.372 113.205 35.1067 256.239 116.186 40.4115 17.719 367.251 31.9398 17.3876 242.99 16.5926
internal_count=7160 4348 2684 1178 1506 1664 1277 2812 1597 85 54 1184 1047 1043 1628 134 150 230 573 455 141 1028 470 163 71 1494 129 70 975 67
is_linear=0
shrinkage=0.01


Tree=12
num_leaves=31
num_cat=0
split_feature=2 0 0 0 0 0 0 2 1 0 0 1 1 13 6 0 0 1 1 1 1 1 1 1 13 2 1 2 1 13
split_gain=1751.33 273.877 421.303 247.475 142.684 137.882 122.085 108.542 28.6805 25.8206 33.1657 24.9964 24.1569 22.7699 19.7435 42.5816 19.0938 17.8294 33.2665 17.8065 17.6211 16.8498 15.3396 21.369 13.9943 8.77009 7.3515 5.83664 5.33399 5.31794
threshold=44.500000000000007 4294426.5000000009 4298587.0000000009 4299928.5000000009 4298461.5000000009 4291006.0000000009 4296982.0000000009 35.500000000000007 4363500795115.5005 4291379.0000000009 4291350.5000000009 4363500794116.0005 251391454303.50003 1.9877225516386876 14.500000000000002 4294506.0000000009 4301505.0000000009 2384994529185.5005 1862882913040.0002 251391434219.00003 4363500799182.0005 4092079265860.5005 251391448486.50003 251391442497.50003 1.9877225516386876 33.500000000000007 1862882914324.5002 39.500000000000007 2883033190491.5005 5.9138237440250148
decision_type=2 2 2 2 2 2 2 2 2 2 2 2 2 2 2 2 2 2 2 2 2 2 2 2 2 2 2 2 2 2
left_child=7 5 4 21 6 -2 12 14 -7 10 -10 13 -3 17 15 -1 26 18 -9 -8 24 28 23 -15 -13 -16 -5 -22 -4 -17
right_child=1 2 3 16 -6 8 19 11 9 -11 -12 20 -14 22 25 29 -18 -19 -20 -21 27 -23 -24 -25 -26 -27 -28 -29 -30 -31
leaf_value=-0.016682431762236469 -0.013931777692978025 -0.0081621950140390812 0.018193041192058123 -0.017416139746708238 -0.01769203627043147 0.016146743904962627 -0.0031772919882138346 -0.0068872952937686222 0.013930403982359993 0.018734751748906545 -0.01788092359700089 -0.00047214875793000503 -0.0014225710068467995 -0.012397137828434261 -0.017094319096865512 0.013378259213372316 0.0065161545596805473 -0.013167764297345928 0.0073985048988393885 0.014717682365336193 -0.01164161478863673 0.00548434868152588 -0.014815942504183064 0.002966279621267534 0.017514659210959651 -0.012617801195476393 -0.0071861675747353759 0.00025544930029205569 0.015116655986619819 -0.00028158211748915036
leaf_weight=21.59345543384552 16.567749470472336 74.357823684811592 153.7683522850275 21.444852247834209 56.435594603419304 376.66655361652374 6.2392838299274436 93.409739747643471 5.7388695925474185 7.7145831882953635 7.6410537362098694 10.221581533551218 186.75368179380894 26.673206076025963 315.62713241577148 6.2477600872516614 5.2496293932199469 29.125290274620056 19.746187016367912 51.113655388355255 10.644399195909502 13.248707860708235 75.64243295788765 13.705019384622572 7.4989682883024207 50.80994701385498 10.446712285280226 6.7314384877681723 88.96942500770092 5.2407018393278122
leaf_count=88 67 299 618 87 229 1512 25 376 23 31 31 41 748 108 1288 25 21 118 79 205 43 53 307 55 30 206 42 27 357 21
internal_value=0 0.00794665 0.00398507 0.0129662 -0.00303709 0.0143339 -0.000440058 -0.012414 0.0155113 0.00416442 -0.00423652 -0.00779547 -0.00334184 -0.00887139 -0.0158057 -0.0084071 -0.0111561 -0.0061903 -0.00439436 0.0127709 0.000123013 0.0164661 -0.0121593 -0.00718255 0.00713949 -0.0164736 -0.0140651 -0.00703267 0.0170655 0.00714704
internal_weight=0 1082.36 668.028 293.128 374.9 414.329 318.464 692.917 397.761 21.0945 13.3799 293.398 261.112 258.302 399.519 33.0819 37.1412 142.281 113.156 57.3529 35.0964 255.986 116.021 40.3782 17.7205 366.437 31.8916 17.3758 242.738 11.4885
internal_count=7160 4348 2684 1178 1506 1664 1277 2812 1597 85 54 1184 1047 1043 1628 134 150 573 455 230 141 1028 470 163 71 1494 129 70 975 46
is_linear=0
shrinkage=0.01


Tree=13
num_leaves=31
num_cat=0
split_feature=2 0 0 0 0 0 0 2 1 0 0 1 1 12 6 0 0 1 1 1 1 1 1 1 12 2 1 2 1 1
split_gain=1718.92 268.785 413.414 242.821 140.207 135.28 119.73 106.982 28.1182 25.3416 32.5625 24.5393 23.7 22.3974 19.4414 41.8374 18.7508 17.5243 32.6187 17.4728 17.2764 16.5693 15.099 20.9823 13.7142 8.67209 7.24507 5.73115 5.31545 5.2585
threshold=44.500000000000007 4294426.5000000009 4298587.0000000009 4299928.5000000009 4298461.5000000009 4291006.0000000009 4296982.0000000009 35.500000000000007 4363500795115.5005 4291379.0000000009 4291350.5000000009 4363500794116.0005 251391454303.50003 1.9755958669540026 14.500000000000002 4294506.0000000009 4301505.0000000009 2384994529185.5005 1862882913040.0002 251391434219.00003 4363500799182.0005 4092079265860.5005 251391448486.50003 251391442497.50003 1.9755958669540026 33.500000000000007 1862882914324.5002 39.500000000000007 1862882907364.5002 2883033190491.5005
decision_type=2 2 2 2 2 2 2 2 2 2 2 2 2 2 2 2 2 2 2 2 2 2 2 2 2 2 2 2 2 2
left_child=7 5 4 21 6 28 12 14 -7 10 -10 13 -3 17 15 -1 26 18 -9 -8 24 29 23 -15 -13 -16 -5 -22 -2 -4
right_child=1 2 3 16 -6 8 19 11 9 -11 -12 20 -14 22 25 -17 -18 -19 -20 -21 27 -23 -24 -25 -26 -27 -28 -29 -30 -31
leaf_value=-0.016554396869480896 -0.017794740368667027 -0.0080855003658115571 0.018035260589654271 -0.01727904991563247 -0.017553652199694757 0.016001700611599688 -0.0031459435224842599 -0.0068221846735939309 0.013800260487424958 0.01857263515498327 -0.017741261010563829 -0.00046743836969920292 -0.0014084182125502745 -0.012290445810761693 -0.016965478265335961 0.0070763592358229037 0.0064513806162463921 -0.013056102516213513 0.0073244697772913434 0.014582385984450172 -0.011538811554397083 0.0054298109166330457 -0.014694824437670249 0.0029361249060088253 0.017338117734742541 -0.012510411659685337 -0.0071180511009326132 0.00025289125385477768 -0.0057437846334960742 0.014979098442950953
leaf_weight=21.543110117316246 11.077106386423113 74.312732875347137 153.56346167623997 21.399070754647258 56.312314376235008 376.28184327483177 6.238447129726409 93.358482003211975 5.7350788265466708 7.704154595732688 7.624277263879776 10.221341550350191 186.74404746294022 26.635892599821091 314.84774518013 11.487186536192892 5.2493153214454642 29.080861657857895 19.746320903301239 51.072216615080833 10.63190381228924 13.247966617345808 75.503927454352379 13.707303613424299 7.4995678812265387 50.734018966555595 10.441243216395376 6.7315239161252967 5.4663358628749839 88.888992697000504
leaf_count=88 45 299 618 87 229 1512 25 376 23 31 31 41 748 108 1288 46 21 118 79 205 43 53 307 55 30 206 42 27 22 357
internal_value=0 0.00787448 0.00394854 0.0128514 -0.00300851 0.0142058 -0.000435787 -0.0123111 0.0153723 0.00412883 -0.0042007 -0.00772498 -0.00330912 -0.0087919 -0.0156834 -0.00833616 -0.01106 -0.00613255 -0.0043524 0.0126526 0.000121802 0.0163198 -0.0120559 -0.00711695 0.00706795 -0.0163472 -0.013947 -0.00696736 -0.0138128 0.0169148
internal_weight=0 1081.36 667.47 292.79 374.68 413.889 318.367 691.729 397.345 21.0635 13.3594 293.117 261.057 258.033 398.612 33.0303 37.0896 142.186 113.105 57.3107 35.0843 255.7 115.847 40.3432 17.7209 365.582 31.8403 17.3634 16.5434 242.452
internal_count=7160 4348 2684 1178 1506 1664 1277 2812 1597 85 54 1184 1047 1043 1628 134 150 573 455 230 141 1028 470 163 71 1494 129 70 67 975
is_linear=0
shrinkage=0.01


Tree=14
num_leaves=31
num_cat=0
split_feature=2 0 0 0 0 0 0 2 1 0 0 1 1 12 6 0 0 1 1 1 1 1 1 1 12 2 1 2 1 12
split_gain=1687.26 263.835 405.725 238.286 137.795 132.744 117.428 105.469 27.5696 24.8754 31.9743 24.0919 23.2528 22.0349 19.151 41.1116 18.4159 17.2267 31.9841 17.1479 16.9392 16.2994 14.8654 20.6043 13.4425 8.57929 7.14271 5.62807 5.23722 5.21531
threshold=44.500000000000007 4294426.5000000009 4298587.0000000009 4299928.5000000009 4298461.5000000009 4291006.0000000009 4296982.0000000009 35.500000000000007 4363500795115.5005 4291379.0000000009 4291350.5000000009 4363500794116.0005 251391454303.50003 1.9755958669540026 14.500000000000002 4294506.0000000009 4301505.0000000009 2384994529185.5005 1862882913040.0002 251391434219.00003 4363500799182.0005 4092079265860.5005 251391448486.50003 251391442497.50003 1.9755958669540026 33.500000000000007 1862882914324.5002 39.500000000000007 1862882907364.5002 5.8295651518121305
decision_type=2 2 2 2 2 2 2 2 2 2 2 2 2 2 2 2 2 2 2 2 2 2 2 2 2 2 2 2 2 2
left_child=7 5 4 21 6 28 12 14 -7 10 -10 13 -3 17 15 -1 26 18 -9 -8 24 -4 23 -15 -13 -16 -5 -22 -2 -17
right_child=1 2 3 16 -6 8 19 11 9 -11 -12 20 -14 22 25 29 -18 -19 -20 -21 27 -23 -24 -25 -26 -27 -28 -29 -30 -31
leaf_value=-0.01642927244903173 -0.017657264607853339 -0.0080097440469409815 0.016767706177685245 -0.017145290970305652 -0.017418713410736923 0.015859854212644645 -0.0031149152963067502 -0.0067578119989386955 0.013672559260024366 0.01841489084035168 -0.017605135293128012 -0.00046277492953899997 -0.0013944067226765566 -0.012185440672887278 -0.01683968348148453 0.013178172804312818 0.0063873807773213468 -0.012946316733804544 0.0072513722704558659 0.014449770963703215 -0.011437557236510481 0.0053758914541036842 -0.014576039542162099 0.0029062946381490729 0.017165974374707387 -0.012404742183716219 -0.0070507243954312671 0.00025035943340442793 -0.0056889615525895559 -0.00034946166644616021
leaf_weight=21.490372821688652 11.051843076944353 74.265665516257286 242.13511201739311 21.350597366690639 56.181718811392784 375.85286125540733 6.2375880777835837 93.305571004748344 5.7307790517807025 7.6925055831670752 7.6064858287572861 10.221103027462961 186.73432248830795 26.596961677074432 314.03178848326206 6.2456601411104185 5.2488948404788962 29.034426778554916 19.745921447873116 51.025760591030121 10.618831098079683 13.247037053108214 75.358768090605736 13.709505304694174 7.4990288466215125 50.654929041862488 10.435564577579497 6.7316082566976538 5.4638362973928443 5.2418356090784073
leaf_count=88 45 299 975 87 229 1512 25 376 23 31 31 41 748 108 1288 25 21 118 79 205 43 53 307 55 30 206 42 27 22 21
internal_value=0 0.0078037 0.00391263 0.0127392 -0.00298032 0.0140805 -0.000431566 -0.01221 0.0152364 0.00409409 -0.00416568 -0.00765551 -0.00327675 -0.00871356 -0.0155638 -0.00826605 -0.0109657 -0.00607552 -0.00431092 0.0125365 0.000120611 0.0161768 -0.0119542 -0.00705226 0.00699758 -0.0162237 -0.0138312 -0.00690289 -0.0136978 0.00700541
internal_weight=0 1080.26 666.862 292.417 374.445 413.398 318.263 690.486 396.883 21.0298 13.3373 292.822 261 257.751 397.665 32.9779 37.0351 142.086 113.051 57.2633 35.0706 255.382 115.665 40.3065 17.7201 364.687 31.7862 17.3504 16.5157 11.4875
internal_count=7160 4348 2684 1178 1506 1664 1277 2812 1597 85 54 1184 1047 1043 1628 134 150 573 455 230 141 1028 470 163 71 1494 129 70 67 46
is_linear=0
shrinkage=0.01


Tree=15
num_leaves=31
num_cat=0
split_feature=2 2 1 1 1 1 1 1 12 12 1 1 1 1 1 1 1 12 1 1 2 2 1 1 1 1 1 1 1 4
split_gain=1656.33 104.007 98.9424 69.1198 50.285 149.324 31.9985 23.6538 21.6823 18.236 31.486 16.9513 26.8094 16.6095 14.6385 20.2346 13.5129 13.1788 11.3427 10.0145 8.39156 5.5273 5.13143 4.46801 11.6676 19.1984 6.00695 15.1026 9.5912 4.45843
threshold=44.500000000000007 35.500000000000007 251391454303.50003 4363500794116.0005 1514623722689.0002 1862882906604.5002 1514623724658.5002 4363500794116.0005 1.9755958669540026 5.8168320736865136 4092079271318.5005 2384994537346.5005 1862882913040.0002 4363500799182.0005 251391448486.50003 251391442497.50003 1862882915111.5002 1.9755958669540026 251391453524.00003 1514623712833.5002 33.500000000000007 39.500000000000007 4363500801101.5005 251391438722.50003 251391437180.00003 251391436552.50003 251391442497.50003 251391441891.00003 251391443299.00003 7.5000000000000009
decision_type=2 2 2 2 2 2 2 2 2 2 2 2 2 2 2 2 2 2 2 2 2 2 2 2 2 2 2 2 2 2
left_child=1 9 18 4 19 6 -6 8 11 20 -11 12 -3 17 15 -10 -7 -9 23 -4 29 -15 -5 24 25 -2 27 -25 -28 -1
right_child=2 7 3 22 5 16 -8 13 14 10 -12 -13 -14 21 -16 -17 -18 -19 -20 -21 -22 -23 -24 26 -26 -27 28 -29 -30 -31
leaf_value=-0.010642480916272313 0.0037042305487582543 -0.006694163948921427 0.012180996851364024 6.9132099510206107e-05 -0.016145139551730088 0.0068886276952124913 0.0001672277723303323 -0.00045815811220608266 -0.01208207281442218 -0.015131867893470707 0.0060233394060085514 -0.013186517810568231 0.0055881824938440921 -0.011337807311039906 -0.014459510606009345 0.0028767843058025017 0.01167840751097558 0.016998056165243806 -0.011532991111763778 0.018318285950982029 -0.01230074178322175 0.00024785259437792964 -0.0083590588747793244 0.00044748626836654592 0.01342053312646466 -0.016453864249119647 0.014643463399859261 -0.018290736657359745 0.0014816956106673447 -0.016924501804055581
leaf_weight=11.735923096537588 104.73817218840122 93.251066267490387 40.748100429773331 49.638875365257263 13.935358479619024 66.899719774723053 87.733301654458046 10.220865532755854 26.556468591094017 21.473746284842495 10.463335603475569 26.775284916162491 21.955774441361427 10.605201050639154 75.207179620862007 13.711627215147017 492.5804551243782 7.4973854273557654 5.9436181485652915 76.506805598735809 50.572786286473274 6.7316915839910498 8.4541935324668867 24.791744366288189 11.409002020955084 4.9477936029434195 5.9505728334188452 5.2041410803794852 79.588422834873199 302.42822667956352
leaf_count=48 424 376 164 200 56 269 353 41 108 88 42 109 88 43 307 55 1984 30 24 308 206 27 34 100 46 20 24 21 321 1244
internal_value=0 -0.0121109 0.00773423 0.00936486 0.0101501 0.00907978 -0.00206865 -0.00758703 -0.00863634 -0.0154468 -0.00820093 -0.00601919 -0.00435343 0.000119439 -0.0118542 -0.00698846 0.0111057 0.00692835 0.00211111 0.0161855 -0.0160813 -0.00683925 -0.00115741 0.00245382 0.00379602 0.00279492 0.00104704 -0.0028035 0.0023973 -0.0166898
internal_weight=0 689.187 1079.07 836.497 778.404 661.149 101.669 292.513 257.457 396.674 31.9371 141.982 115.207 35.0551 115.475 40.2681 559.48 17.7183 242.573 117.255 364.737 17.3369 58.0931 236.63 121.095 109.686 115.535 29.9959 85.539 314.164
internal_count=7160 2812 4348 3368 3134 2662 409 1184 1043 1628 130 573 464 141 470 163 2253 71 980 472 1498 70 234 956 490 444 466 121 345 1292
is_linear=0
shrinkage=0.01


Tree=16
num_leaves=31
num_cat=0
split_feature=2 0 0 0 0 0 0 2 1 0 0 1 1 12 6 0 0 1 1 1 1 1 1 1 12 2 1 2 1 1
split_gain=1625.6 258.665 396.85 232.992 135.501 129.838 114.671 102.585 26.6361 24.4015 31.3963 23.2241 22.2579 21.3407 18.6291 39.9168 17.9946 16.7436 16.7013 30.8247 16.287 16.0558 14.4178 19.8731 12.9229 8.41013 7.02643 5.42879 5.3065 5.12299
threshold=44.500000000000007 4294426.5000000009 4298587.0000000009 4299928.5000000009 4298461.5000000009 4291006.0000000009 4296982.0000000009 35.500000000000007 4363500795115.5005 4291379.0000000009 4291350.5000000009 4363500794116.0005 251391454303.50003 1.9755958669540026 14.500000000000002 4294506.0000000009 4301505.0000000009 251391434219.00003 2384994529185.5005 1862882913040.0002 4363500799182.0005 4092079265860.5005 251391448486.50003 251391442497.50003 1.9755958669540026 33.500000000000007 1862882914324.5002 39.500000000000007 2883033190491.5005 1862882907364.5002
decision_type=2 2 2 2 2 2 2 2 2 2 2 2 2 2 2 2 2 2 2 2 2 2 2 2 2 2 2 2 2 2
left_child=7 5 4 21 6 29 12 14 -7 10 -10 13 -3 18 15 -1 26 -8 19 -9 24 28 23 -15 -13 -16 -5 -22 -4 -2
right_child=1 2 3 16 -6 8 17 11 9 -11 -12 20 -14 22 25 -17 -18 -19 -20 -21 27 -23 -24 -25 -26 -27 -28 -29 -30 -31
leaf_value=-0.016199477411203266 -0.01753369098355298 -0.0079262256300397481 0.017667996830681442 -0.017034466111080494 -0.017339233148867778 0.015640840798926043 -0.0031207271521546155 -0.0066312275388638502 0.013553349133242265 0.018260780415401984 -0.017464941294197008 -0.00045358678917259789 -0.0014522942504200359 -0.01198029379046819 -0.01659731275130381 0.0069135868758186218 0.0062482034838206224 0.014237115586848656 -0.012741169696734984 0.0071236955394068423 -0.011239519891624897 0.005231392630722532 -0.014345163891235831 0.0028475896173654558 0.016834200328096838 -0.012198361267217891 -0.007017981210736649 0.00024537099925608789 0.014592583482150499 -0.00569227050926982
leaf_weight=21.383596211671829 11.026966392993929 74.207088246941566 152.96760854125023 21.307009458541874 56.098833754658699 375.06789053976536 6.2377512454986563 93.195024639368057 5.7262034416198748 7.6796243190765372 7.5865468531847 10.220629632472994 186.76610119640827 26.514468938112259 312.29678417742252 11.485416516661642 5.2474694401025763 50.937138378620148 28.939971297979355 19.743943929672241 10.59103298187256 13.243158400058745 75.049386560916901 13.713671013712881 7.4946705102920523 50.487695962190628 10.432254359126089 6.731773927807807 88.602268427610397 5.4639087021350852
leaf_count=88 45 299 618 87 229 1512 25 376 23 31 31 41 748 108 1288 46 21 205 118 79 43 53 307 55 30 206 42 27 357 22
internal_value=0 0.00766027 0.00380614 0.0125479 -0.00300978 0.0138826 -0.000483076 -0.0120132 0.0150273 0.0040656 -0.00412307 -0.0075194 -0.00329314 -0.00856005 -0.015332 -0.00812308 -0.0109061 0.0123434 -0.00596337 -0.0042266 0.000118285 0.0159523 -0.0117559 -0.00692551 0.00686022 -0.0159851 -0.0137422 -0.0067764 0.01654 -0.0136103
internal_weight=0 1078.6 666.047 291.8 374.247 412.551 318.148 687.848 396.06 20.9924 13.3128 292.195 260.973 257.156 395.653 32.869 36.9867 57.1749 141.879 112.939 35.0381 254.813 115.278 40.2281 17.7153 362.784 31.7393 17.3228 241.57 16.4909
internal_count=7160 4348 2684 1178 1506 1664 1277 2812 1597 85 54 1184 1047 1043 1628 134 150 230 573 455 141 1028 470 163 71 1494 129 70 975 67
is_linear=0
shrinkage=0.01


Tree=17
num_leaves=31
num_cat=0
split_feature=2 2 1 1 1 1 1 1 12 6 1 1 1 1 1 1 1 12 1 1 2 2 1 12 1 1 1 1 1 1
split_gain=1596.04 101.21 95.1094 66.7611 49.1846 145.618 31.7024 22.8039 21.0064 18.3622 32.4664 16.4236 30.2267 15.9714 14.2033 19.5194 12.9535 12.6744 10.9673 9.8345 8.33134 5.33246 4.98687 4.69184 4.3264 11.3451 18.6746 5.84668 14.7022 9.3417
threshold=44.500000000000007 35.500000000000007 251391454303.50003 4363500794116.0005 1514623722689.0002 1862882906604.5002 1514623724658.5002 4363500794116.0005 1.9755958669540026 14.500000000000002 4092079271318.5005 2384994529185.5005 1862882913040.0002 4363500799182.0005 251391448486.50003 251391442497.50003 1862882915111.5002 1.9755958669540026 251391453524.00003 1514623712833.5002 33.500000000000007 39.500000000000007 4363500801101.5005 5.8295651518121305 251391438722.50003 251391437180.00003 251391436552.50003 251391442497.50003 251391441891.00003 251391443299.00003
decision_type=2 2 2 2 2 2 2 2 2 2 2 2 2 2 2 2 2 2 2 2 2 2 2 2 2 2 2 2 2 2
left_child=1 9 18 4 19 6 -6 8 11 10 -1 12 -3 17 15 -10 -7 -9 24 -4 -11 -15 -5 -12 25 26 -2 28 -26 -29
right_child=2 7 3 22 5 16 -8 13 14 20 23 -13 -14 21 -16 -17 -18 -19 -20 -21 -22 -23 -24 -25 27 -27 -28 29 -30 -31
leaf_value=-0.014982168758807491 0.0036442645361186273 -0.0065689897736704644 0.011970482817875801 5.7039195582811191e-05 -0.016117013270139226 0.0067798447614096603 0.0001214238417301254 -0.00044906147584628664 -0.011880058586687848 -0.016480034445398424 0.01238844510273716 -0.012636531332836732 0.0070531041628109983 -0.011142654469371342 -0.014232928238233555 0.0028187071663984069 0.011471700776063763 0.016674249222362526 -0.011354624263336301 0.018058745035572917 -0.012097552585720674 0.00024291443112434014 -0.0082557136125098202 -0.00088297845785147643 0.00043387598643379209 0.013234243637750918 -0.016262581837898769 0.014457764102643969 -0.018076203649955467 0.0014569154418137664
leaf_weight=22.098304480314255 104.55527752637863 93.137505188584328 40.672026544809341 49.590750202536583 13.933922901749609 66.84429806470871 87.655807182192802 10.220394998788835 26.471014782786369 311.37860727310181 5.742097392678259 28.888076022267342 19.74214543402195 10.576345503330232 74.885604456067085 13.715638637542723 491.61462615430355 7.4909170717000952 5.9313190132379523 76.313780844211578 50.399764508008957 6.7318551093339911 8.4457693397998792 4.9690513014793396 24.762933954596523 11.388444051146505 4.934880018234252 5.9398673921823493 5.1905231624841681 79.497988283634186
leaf_count=91 424 376 164 200 56 269 353 41 108 1288 23 118 79 43 307 55 1984 30 24 308 206 27 34 20 100 46 20 24 21 321
internal_value=0 -0.0119175 0.00759305 0.00919325 0.00996599 0.0089068 -0.00210582 -0.00745282 -0.00848497 -0.0152199 -0.00805659 -0.0059084 -0.00418655 0.00011715 -0.0116593 -0.00686339 0.0109101 0.00679316 0.0020758 0.0159421 -0.0158695 -0.00671435 -0.00115267 0.00623165 0.00241296 0.00373508 0.00274703 0.00102796 -0.00277367 0.00236077
internal_weight=0 686.447 1077.27 835.071 777.034 660.049 101.59 291.859 256.84 394.588 32.8095 141.768 112.88 35.0195 115.072 40.1867 558.459 17.7113 242.201 116.986 361.778 17.3082 58.0365 10.7111 236.27 120.879 109.49 115.391 29.9535 85.4379
internal_count=7160 2812 4348 3368 3134 2662 409 1184 1043 1628 134 573 455 141 470 163 2253 71 980 472 1494 70 234 43 956 490 444 466 121 345
is_linear=0
shrinkage=0.01


Tree=18
num_leaves=31
num_cat=0
split_feature=2 0 0 0 0 0 0 2 1 0 0 1 1 13 6 0 0 1 1 1 1 1 13 0 2 1 1 2 6 1
split_gain=1566.64 253.705 388.293 227.897 133.254 127.036 112.002 99.8727 25.7495 23.9403 30.8329 22.3924 21.3055 20.7502 18.1096 38.7307 17.585 16.3562 15.8268 15.6627 15.4005 27.1651 12.433 10.3326 8.25678 6.914 5.33402 5.23825 5.08615 5.01313
threshold=44.500000000000007 4294426.5000000009 4298587.0000000009 4299928.5000000009 4298461.5000000009 4291006.0000000009 4296982.0000000009 35.500000000000007 4363500795115.5005 4291379.0000000009 4291350.5000000009 4363500794116.0005 251391454303.50003 2.958182860568995 14.500000000000002 4294506.0000000009 4301505.0000000009 251391434219.00003 4092079265860.5005 4363500799182.0005 2384994529185.5005 1862882913040.0002 1.9877225516386876 4295120.0000000009 33.500000000000007 1862882914324.5002 2883033190491.5005 39.500000000000007 9.5000000000000018 1862882907364.5002
decision_type=2 2 2 2 2 2 2 2 2 2 2 2 2 2 2 2 2 2 2 2 2 2 2 2 2 2 2 2 2 2
left_child=7 5 4 18 6 29 12 14 -7 10 -10 13 -3 20 15 -1 25 -8 26 22 21 -9 -13 -15 -16 -5 -4 -21 -17 -2
right_child=1 2 3 16 -6 8 17 11 9 -11 -12 19 -14 23 24 28 -18 -19 -20 27 -22 -23 -24 -25 -26 -27 -28 -29 -30 -31
leaf_value=-0.015980126617402307 -0.017413039332707287 -0.0078440689376076556 0.017453829208560034 -0.016925799410318208 -0.017260425286749315 0.015429907853429301 -0.0031258896310198741 -0.0069527616709426851 0.01343631847666743 0.018110841026911319 -0.017328456199748404 -0.00044458072748897583 -0.0015083385853535925 -0.0062614897577816389 -0.016365409613721564 0.00071119756799612745 0.006112444332905153 0.014031673702984849 0.0050905576156912262 -0.011047171879013679 -0.012831250053677403 0.0049428463670771082 0.016518054529452372 -0.014449204193579821 -0.011998270335900825 -0.0069850971360896751 0.014366523350063904 0.00024048230484167128 0.01407297400517177 -0.0056946185988776691
leaf_weight=21.269573837518692 11.000709831714632 74.14414818584919 152.53652273118496 21.261270523071293 56.012303397059441 374.17269839346409 6.2378954142332068 118.54041968286037 5.7211832851171511 7.6655998528003684 7.5655169486999512 10.220161437988283 186.78953415155411 20.304519757628441 310.4286877810955 6.2410718351602554 5.2454985380172721 50.835171341896057 13.237789154052733 10.561157166957857 30.783018261194229 22.906913757324219 7.4861567765474311 63.977729916572571 50.309094250202179 10.42861334979534 88.39086140692234 6.7319353371858588 5.2411676943302137 5.4638814628124228
leaf_count=88 45 299 618 87 229 1512 25 480 23 31 31 41 748 83 1288 25 21 205 53 43 126 92 30 262 206 42 357 27 21 22
internal_value=0 0.00752108 0.00370254 0.0123633 -0.00303815 0.0136918 -0.000533102 -0.0118234 0.0148258 0.0040379 -0.00408131 -0.00738716 -0.00330863 -0.00841092 -0.0151099 -0.00799018 -0.0108472 0.0121564 0.0157362 0.000116032 -0.0064213 -0.00502631 0.00672715 -0.0124767 -0.0157564 -0.0136545 0.0163212 -0.00665306 0.0068103 -0.0135242
internal_weight=0 1076.71 665.12 291.101 374.019 411.59 318.007 685.002 395.125 20.9523 13.2867 291.512 260.934 256.513 393.49 32.7518 36.9354 57.0731 254.165 34.9994 172.23 141.447 17.7063 84.2822 360.738 31.6899 240.927 17.2931 11.4822 16.4646
internal_count=7160 4348 2684 1178 1506 1664 1277 2812 1597 85 54 1184 1047 1043 1628 134 150 230 1028 141 698 572 71 345 1494 129 975 70 46 67
is_linear=0
shrinkage=0.01


Tree=19
num_leaves=31
num_cat=0
split_feature=2 2 1 1 1 1 1 1 12 12 1 1 1 1 1 1 1 12 1 1 2 2 1 4 12 12 1 1 1 1
split_gain=1538.32 98.6049 91.4492 64.5029 48.1469 142.053 31.4076 21.9844 20.4425 17.2488 29.496 15.9178 24.908 15.3606 14.0335 19.1678 12.4247 12.1984 10.6057 9.66942 8.08943 5.14609 4.84644 4.47068 5.15455 4.25906 4.1906 11.0352 18.1699 5.69139
threshold=44.500000000000007 35.500000000000007 251391454303.50003 4363500794116.0005 1514623722689.0002 1862882906604.5002 1514623724658.5002 4363500794116.0005 1.9755958669540026 5.8168320736865136 4092079271318.5005 2384994537346.5005 1862882913040.0002 4363500799182.0005 251391448486.50003 251391442497.50003 1862882915111.5002 1.9755958669540026 251391453524.00003 1514623712833.5002 33.500000000000007 39.500000000000007 4363500801101.5005 7.5000000000000009 3.9438900741051093 5.8295651518121305 251391438722.50003 251391437180.00003 251391436552.50003 251391442497.50003
decision_type=2 2 2 2 2 2 2 2 2 2 2 2 2 2 2 2 2 2 2 2 2 2 2 2 2 2 2 2 2 2
left_child=1 9 18 4 19 6 -6 8 11 20 -11 12 -3 17 15 -10 -7 -9 26 -4 23 -15 -5 24 -1 -12 27 28 -2 -28
right_child=2 7 3 22 5 16 -8 13 14 10 25 -13 -14 21 -16 -17 -18 -19 -20 -21 -22 -23 -24 -25 -26 -27 29 -29 -30 -31
leaf_value=-0.01683029637551969 0.0035861148937245714 -0.0064424005219750127 0.011766652574338773 4.5543039216532712e-05 -0.016087487170523568 0.0066739220231432674 7.7111409922705847e-05 -0.00044014511317612908 -0.011688312609924924 -0.014695566293108909 0.011891671810752173 -0.012768938001418829 0.0054029959649132698 -0.010953034560709824 -0.014039830109636787 0.0028875356473516476 0.011271504596175619 0.016365475495979123 -0.011180494022915027 0.017810920878165652 -0.01190047052076783 0.0002380748398483358 -0.0081537027151816783 -0.016463274583438409 -0.0035114081975592655 -0.00088920271770283419 -0.0027442417788630436 0.013054249547709418 -0.016077742290862423 0.0023252469273764291
leaf_weight=5.7863021790981275 104.35925367474556 93.014052242040634 40.585228145122528 49.539612576365471 13.932326748967169 66.781936213374138 87.573062255978584 10.219929382205011 26.382054388523102 21.255991622805599 5.4882665723562223 26.577074095606804 21.938683480024338 10.545485660433771 74.581923201680183 13.710813090205191 490.52079610526562 7.4804206341505042 5.918017864227294 76.087902009487152 50.215783014893532 6.7320146113634101 8.4367127567529661 298.8013706356287 5.8368358016014099 4.9669564366340637 29.907776728272438 11.364941760897635 4.9206799864768973 85.329420879483223
leaf_count=24 424 376 164 200 56 269 353 41 108 88 22 109 88 43 307 55 1984 30 24 308 206 27 34 1244 24 20 121 46 20 345
internal_value=0 -0.0117305 0.00745598 0.00902678 0.00978743 0.00873884 -0.00214159 -0.00732163 -0.00833689 -0.0150025 -0.0079316 -0.00579426 -0.00418171 0.000114931 -0.011475 -0.00670372 0.0107206 0.00666215 0.00204162 0.0157084 -0.0156242 -0.00659252 -0.00114761 -0.0162266 -0.0101419 0.00581987 0.00237334 0.00367601 0.00270069 0.00100955
internal_weight=0 683.534 1075.26 833.458 775.481 658.808 101.505 291.182 256.205 392.352 31.7112 141.53 114.953 34.9779 114.675 40.0929 557.303 17.7004 241.8 116.673 360.64 17.2775 57.9763 310.425 11.6231 10.4552 235.882 120.645 109.28 115.237
internal_count=7160 2812 4348 3368 3134 2662 409 1184 1043 1628 130 573 464 141 470 163 2253 71 980 472 1498 70 234 1292 48 42 956 490 444 466
is_linear=0
shrinkage=0.01


Tree=20
num_leaves=31
num_cat=0
split_feature=2 0 0 0 0 0 0 2 1 0 0 1 1 12 1 12 0 1 1 1 1 1 12 0 1 2 1 2 1 12
split_gain=1510.16 249.054 380.105 222.993 131.025 124.285 109.455 97.3517 24.9113 23.4916 30.2836 21.5885 20.4425 20.1915 17.2128 17.0195 35.6012 16.0122 15.6108 15.0649 14.9781 26.2153 11.9703 10.1549 9.31438 8.02388 5.36193 5.05591 4.90096 4.60405
threshold=44.500000000000007 4294426.5000000009 4298587.0000000009 4299928.5000000009 4298461.5000000009 4291006.0000000009 4296982.0000000009 35.500000000000007 4363500795115.5005 4291379.0000000009 4291350.5000000009 4363500794116.0005 251391454303.50003 2.9173279570516617 1862882914324.5002 5.8168320736865136 4294506.0000000009 251391431848.50003 4092079265860.5005 4363500799182.0005 2384994529185.5005 1862882913040.0002 1.9755958669540026 4295120.0000000009 4363500796625.5005 33.500000000000007 2883033190491.5005 39.500000000000007 1862882907364.5002 5.8295651518121305
decision_type=2 2 2 2 2 2 2 2 2 2 2 2 2 2 2 2 2 2 2 2 2 2 2 2 2 2 2 2 2 2
left_child=7 5 4 18 6 28 12 15 -7 10 -10 13 -3 20 -5 25 -17 -8 26 22 21 -9 -13 -15 -16 -1 -4 -21 -2 -18
right_child=1 2 3 14 -6 8 17 11 9 -11 -12 19 -14 23 24 16 29 -19 -20 27 -22 -23 -24 -25 -26 -27 -28 -29 -30 -31
leaf_value=-0.016117186792238569 -0.017287794718154333 -0.007770371176345589 0.017248094823869735 -0.016185208008911399 -0.017182301719906798 0.015227625783000402 -0.0051342695019146248 -0.0068211056750940996 0.013321393772528183 0.017964908209711371 -0.017195546100968649 -0.00043575351016826602 -0.0015626030875630892 -0.0061160078604764476 0.0040404599638216628 -0.015730693537014277 0.012429908302791091 0.013618576799162674 0.0049532316062425768 -0.010860206023401721 -0.012636361399260837 0.0048681562109785031 0.016216376230196432 -0.014245244244209049 -0.012776544020188468 -0.011804110857337456 0.014148318043347957 0.00023569128585002123 -0.0056960413429234863 -0.00040501469961438474
leaf_weight=309.41138409078121 10.971626922488214 74.085329666733742 152.0600857436657 22.712399840354919 55.922169968485832 373.17895783483982 4.9904170632362357 118.34386968612671 5.7157332450151461 7.6504713892936698 7.5434358865022659 10.219698607921602 186.80510297417641 20.251384228467941 8.9616606384515745 20.42371799051762 5.9850263744592649 51.9684818983078 13.231025606393812 10.529348865151407 30.665055796504021 22.898033410310745 7.4737392216920844 63.704977765679359 5.2071781605482093 50.119930058717728 88.154463827610016 6.7320928126573554 5.4637591242790213 5.2432479560375214
leaf_count=1292 45 299 618 93 229 1512 20 480 23 31 31 41 748 83 36 85 24 210 53 43 126 92 30 262 21 206 357 27 22 21
internal_value=0 0.00738582 0.00360077 0.0121849 -0.00306693 0.0135088 -0.000583478 -0.0116394 0.0146325 0.00401098 -0.00404037 -0.00725756 -0.00332543 -0.00826461 -0.0107894 -0.014897 -0.0078671 0.0119756 0.0155281 0.000113847 -0.00630143 -0.00492605 0.00659814 -0.0122844 -0.00213994 -0.0155159 0.0161105 -0.00653272 -0.0134342 0.00643641
internal_weight=0 1074.62 664.098 290.327 373.772 410.524 317.849 682.002 394.089 20.9096 13.2592 290.818 260.89 255.863 36.8812 391.183 31.652 56.9589 253.446 34.9549 171.907 141.242 17.6934 83.9564 14.1688 359.531 240.215 17.2614 16.4354 11.2283
internal_count=7160 4348 2684 1178 1506 1664 1277 2812 1597 85 54 1184 1047 1043 150 1628 130 230 1028 141 698 572 71 345 57 1498 975 70 67 45
is_linear=0
shrinkage=0.01


Tree=21
num_leaves=31
num_cat=0
split_feature=2 0 0 0 0 0 0 2 1 0 0 1 1 12 6 0 0 1 1 1 1 1 1 1 12 2 1 1 6 2
split_gain=1483.05 244.686 373.26 218.982 128.83 122.032 107.387 96.1599 24.4454 23.0734 29.7507 21.1965 20.0616 19.9049 17.4142 37.0078 17.0904 15.7373 15.4535 28.1534 15.3828 14.7756 13.8719 18.8267 11.7484 8.05927 6.67552 5.29904 5.02534 4.96767
threshold=44.500000000000007 4294426.5000000009 4298587.0000000009 4299928.5000000009 4298461.5000000009 4291006.0000000009 4296982.0000000009 35.500000000000007 4363500795115.5005 4291379.0000000009 4291350.5000000009 4363500794116.0005 251391454303.50003 1.9755958669540026 14.500000000000002 4294506.0000000009 4301505.0000000009 251391434219.00003 2384994529185.5005 1862882913040.0002 4092079265860.5005 4363500799182.0005 251391448486.50003 251391442497.50003 1.9755958669540026 33.500000000000007 1862882914324.5002 2883033190491.5005 9.5000000000000018 39.500000000000007
decision_type=2 2 2 2 2 2 2 2 2 2 2 2 2 2 2 2 2 2 2 2 2 2 2 2 2 2 2 2 2 2
left_child=7 5 4 20 6 -2 12 14 -7 10 -10 13 -3 18 15 -1 26 -8 19 -9 27 24 23 -15 -13 -16 -5 -4 -17 -23
right_child=1 2 3 16 -6 8 17 11 9 -11 -12 21 -14 22 25 28 -18 -19 -20 -21 -22 29 -24 -25 -26 -27 -28 -29 -30 -31
leaf_value=-0.015658361362832905 -0.013326894464263009 -0.0076983812428245467 0.017114000307278155 -0.016701302369510462 -0.017056437271303532 0.015102089942171585 -0.0031168380558282667 -0.0063186261252813104 0.013202370964452148 0.017823099172491079 -0.017072882130054687 -0.00043140589582386517 -0.00154704803397465 -0.011502059515095671 -0.016037349950060092 0.00059531212014106395 0.0060208453875181525 0.013716758498745816 -0.012237931677676204 0.0068335407461588664 0.0049046012098229903 -0.010768651110197256 -0.013853110727070204 0.0029541045170390474 0.016070630116904298 -0.011709150386419093 -0.0069232517816480189 0.01402961416534162 0.013881611657388351 0.0002333317669654519
leaf_weight=21.079365983605385 16.402302458882332 74.030617043375969 151.72070504724979 21.158473789691929 55.772236406803131 372.52147646248341 6.237553358078002 92.884954243898392 5.709619805216791 7.6343093067407599 7.5217652916908264 10.219469070434572 186.79655399918556 26.287912055850029 307.40279997885227 6.2370910793542862 5.2431611418724051 50.648970574140549 28.665343225002289 19.733298495411873 13.228604882955549 10.512763634324076 74.260864660143852 13.705757796764372 7.4661415666341773 50.02162891626358 10.420698091387747 88.012043282389641 5.2372458279132825 6.7321701347827902
leaf_count=88 67 299 618 87 229 1512 25 376 23 31 31 41 748 108 1288 25 21 205 118 79 53 43 307 55 30 206 42 357 21 27
internal_value=0 0.00732268 0.00356925 0.0120858 -0.00303861 0.0133978 -0.000577882 -0.0115495 0.0145121 0.00397923 -0.00400848 -0.00719369 -0.00329298 -0.00819245 -0.0147939 -0.00779186 -0.0106987 0.011871 -0.00568262 -0.00401407 0.0154024 0.000112778 -0.011296 -0.00654796 0.00653508 -0.0154316 -0.0134747 0.0159816 0.00665959 -0.00647364
internal_weight=0 1073.06 663.27 289.784 373.486 409.789 317.714 680.447 393.387 20.8657 13.2314 290.469 260.827 255.538 389.978 32.5537 36.8223 56.8865 141.284 112.618 252.961 34.9305 114.255 39.9937 17.6856 357.424 31.5792 239.733 11.4743 17.2449
internal_count=7160 4348 2684 1178 1506 1664 1277 2812 1597 85 54 1184 1047 1043 1628 134 150 230 573 455 1028 141 470 163 71 1494 129 975 46 70
is_linear=0
shrinkage=0.01


Tree=22
num_leaves=31
num_cat=0
split_feature=2 0 0 0 0 0 0 2 1 0 0 1 1 12 0 12 0 1 1 1 1 1 12 0 2 1 1 2 1 12
split_gain=1456.57 240.421 366.585 215.065 126.691 119.83 105.365 94.9786 23.9899 22.666 29.2304 20.817 19.6886 19.6571 16.7931 16.5605 34.4262 15.4757 15.1625 14.5336 25.2432 14.4924 11.5326 9.9867 7.90273 6.5918 5.23966 4.88129 4.85498 4.5166
threshold=44.500000000000007 4294426.5000000009 4298587.0000000009 4299928.5000000009 4298461.5000000009 4291006.0000000009 4296982.0000000009 35.500000000000007 4363500795115.5005 4291379.0000000009 4291350.5000000009 4363500794116.0005 251391454303.50003 2.9173279570516617 4301505.0000000009 5.8168320736865136 4294506.0000000009 251391431848.50003 4092079265860.5005 2384994529185.5005 1862882913040.0002 4363500799182.0005 1.9755958669540026 4295120.0000000009 33.500000000000007 1862882914324.5002 2883033190491.5005 39.500000000000007 1862882907364.5002 5.8295651518121305
decision_type=2 2 2 2 2 2 2 2 2 2 2 2 2 2 2 2 2 2 2 2 2 2 2 2 2 2 2 2 2 2
left_child=7 5 4 18 6 28 12 15 -7 10 -10 13 -3 19 25 24 -17 -8 26 20 -9 22 -13 -15 -1 -5 -4 -23 -2 -18
right_child=1 2 3 14 -6 8 17 11 9 -11 -12 21 -14 23 -16 16 29 -19 -20 -21 -22 27 -24 -25 -26 -27 -28 -29 -30 -31
leaf_value=-0.015905315926939004 -0.017068103128831075 -0.0076272322227300951 0.016983116256958967 -0.016581170246109059 -0.016933580262909989 0.014979067823429342 -0.0050536842400827299 -0.0066923977140200324 0.013085430012103201 0.017684904645834994 -0.016953162352427439 -0.00042710118257806474 -0.0015316492840999586 -0.0059738895538471561 0.0059618693236283592 -0.015516430759476989 0.012251275113350333 0.013387871340996201 0.0048564981414908623 -0.01243945474818004 0.0047819625961921641 -0.010678336596512343 0.015928114419199391 -0.014048285297441935 -0.011615549797382422 -0.0068581546659575313 0.013913079430636521 0.00023099570698039695 -0.0055149177903818358 -0.00046383748623039258
leaf_weight=307.3050302863121 10.916539013385774 73.974268928170204 151.362863317132 21.098948284983639 55.615890026092529 371.82862047851086 4.9885302782058707 118.13904471695423 5.7030714452266711 7.6171119660139075 7.4992463439702988 10.219241082668306 186.78787119686604 20.196436524391174 5.2420823723077765 20.292610123753551 5.9789830446243268 51.820108190178871 13.226048499345778 30.536034807562828 22.887269362807274 10.495746418833734 7.4576569795608512 63.415471524000168 49.920971751213074 10.414446249604223 87.862476691603661 6.7322465479373923 5.4548880308866492 5.2437593787908554
leaf_count=1292 45 299 618 87 229 1512 20 480 23 31 31 41 748 83 21 85 24 210 53 126 92 43 30 262 206 42 357 27 22 21
internal_value=0 0.00726066 0.00353827 0.0119889 -0.00301066 0.0132889 -0.000572351 -0.0114616 0.0143942 0.00394819 -0.00397724 -0.0071314 -0.00326087 -0.00812217 -0.0106111 -0.0146928 -0.00774388 0.0117685 0.0152793 -0.00618457 -0.00483021 0.000111726 0.00647295 -0.0120979 -0.0153058 -0.0133679 0.0158556 -0.00641526 -0.0132186 0.00631021
internal_weight=0 1071.41 662.394 289.207 373.187 409.019 317.571 678.821 392.648 20.8194 13.2023 290.079 260.762 255.174 36.7555 388.741 31.5154 56.8086 252.451 171.562 141.026 34.9049 17.6769 83.6119 357.226 31.5134 239.225 17.228 16.3714 11.2227
internal_count=7160 4348 2684 1178 1506 1664 1277 2812 1597 85 54 1184 1047 1043 150 1628 130 230 1028 698 572 141 71 345 1498 129 975 70 67 45
is_linear=0
shrinkage=0.01


Tree=23
num_leaves=31
num_cat=0
split_feature=2 2 1 1 1 1 1 1 12 6 1 1 1 1 1 1 1 12 1 1 2 2 1 4 12 12 1 1 1 1
split_gain=1430.63 93.8563 84.501 60.3958 46.8115 137.122 31.8336 20.4403 19.3884 16.9626 29.6102 14.9897 23.2045 14.2151 13.718 18.4954 11.3451 11.3226 9.96961 9.49546 7.94407 4.79674 4.62233 4.53258 5.14138 4.26615 3.97139 10.5648 17.4022 5.46766
threshold=44.500000000000007 35.500000000000007 251391454303.50003 4363500794116.0005 1514623722689.0002 1862882906604.5002 1514623724658.5002 4363500794116.0005 1.9755958669540026 14.500000000000002 4092079271318.5005 2384994537346.5005 1862882913040.0002 4363500799182.0005 251391448486.50003 251391442497.50003 1862882915111.5002 1.9755958669540026 251391453524.00003 1514623712833.5002 33.500000000000007 39.500000000000007 4363500801101.5005 7.5000000000000009 3.9438900741051093 5.8295651518121305 251391438722.50003 251391437180.00003 251391436552.50003 251391442497.50003
decision_type=2 2 2 2 2 2 2 2 2 2 2 2 2 2 2 2 2 2 2 2 2 2 2 2 2 2 2 2 2 2
left_child=1 9 18 4 19 6 -6 8 11 10 -1 12 -3 17 15 -10 -7 -9 26 -4 23 -15 -5 24 -11 -12 27 28 -2 -28
right_child=2 7 3 22 5 16 -8 13 14 20 25 -13 -14 21 -16 -17 -18 -19 -20 -21 -22 -23 -24 -25 -26 -27 29 -29 -30 -31
leaf_value=-0.014371639300493986 0.0034889152024832359 -0.0061975699049887549 0.011393848950123464 2.0465579863787329e-05 -0.016341902684473164 0.0064987366693697018 -4.9487481471502603e-05 -0.0004228395315604712 -0.011321001101460624 -0.016401237589566117 0.011842401507735316 -0.012374667234142061 0.005243362607414522 -0.010589229402356456 -0.013672411929954846 0.003018478412033268 0.010899454827202813 0.015788712578928069 -0.010867707703140843 0.017401484423758679 -0.011523271310756927 0.00022868333004292824 -0.007997631202477094 -0.016071136698668161 -0.0030251022771410415 -0.00082807500219706127 -0.0027119884746996882 0.012779580798752108 -0.015811553177207453 0.0022668398973678325
leaf_weight=21.723906591534615 103.70320057868958 92.750657811760902 40.36156502366066 49.36780472099781 13.902511060237883 66.579753428697586 87.29879304766655 10.219014391303064 26.18895249068737 5.7102126032114011 5.7253274917602521 26.35266238451004 21.916531875729561 10.478313565254213 73.923605486750603 13.700500950217245 487.64236450195312 7.4483134448528281 5.8904416412115088 75.566548153758049 49.818048030138016 6.7323219180107108 8.4154408425092679 293.75279667973518 5.7844616025686264 4.9590589255094528 29.789020135998726 11.299373999238012 4.8920003026723853 84.97947384417057
leaf_count=91 424 376 164 200 56 269 353 41 108 24 23 109 88 43 307 55 1984 30 24 308 206 27 34 1240 24 20 121 46 20 345
internal_value=0 -0.0113746 0.00719972 0.00871361 0.00945231 0.00841625 -0.00228766 -0.00706912 -0.00805179 -0.0145937 -0.00766819 -0.00557381 -0.00401085 0.000110688 -0.0111221 -0.00639594 0.0103708 0.00641174 0.00198166 0.0153099 -0.0152258 -0.00635756 -0.00114727 -0.0158301 -0.00966997 0.00596152 0.0023042 0.003577 0.00261947 0.000974548
internal_weight=0 677.185 1069.69 829.135 771.352 655.423 101.201 289.711 254.833 387.474 32.4083 141.02 114.667 34.878 113.813 39.8895 554.222 17.6673 240.554 115.928 355.066 17.2106 57.7832 305.247 11.4947 10.6844 234.663 119.895 108.595 114.768
internal_count=7160 2812 4348 3368 3134 2662 409 1184 1043 1628 134 573 464 141 470 163 2253 71 980 472 1494 70 234 1288 48 43 956 490 444 466
is_linear=0
shrinkage=0.01


Tree=24
num_leaves=31
num_cat=0
split_feature=2 0 0 0 0 0 0 2 1 0 0 1 12 1 6 0 1 1 1 1 1 1 12 0 1 2 1 6 1 2
split_gain=1404.75 236.208 359.059 210.572 124.605 117.304 103.004 92.7443 23.2306 22.2505 28.7197 20.0748 19.1483 18.8922 16.7484 35.3782 16.4731 15.1559 14.977 14.1473 24.3636 13.9437 11.1181 9.82738 8.97694 7.89149 5.27209 4.95733 4.75087 4.71395
threshold=44.500000000000007 4294426.5000000009 4298587.0000000009 4299928.5000000009 4298461.5000000009 4291006.0000000009 4296982.0000000009 35.500000000000007 4363500795115.5005 4291379.0000000009 4291350.5000000009 4363500794116.0005 2.9173279570516617 251391454303.50003 14.500000000000002 4294506.0000000009 1862882914324.5002 251391434219.00003 4092079265860.5005 2384994529185.5005 1862882913040.0002 4363500799182.0005 1.9755958669540026 4295120.0000000009 4363500796625.5005 33.500000000000007 2883033190491.5005 9.5000000000000018 1862882907364.5002 39.500000000000007
decision_type=2 2 2 2 2 2 2 2 2 2 2 2 2 2 2 2 2 2 2 2 2 2 2 2 2 2 2 2 2 2
left_child=7 5 4 18 6 28 13 14 -7 10 -10 12 19 -3 15 -1 -5 -8 26 20 -9 22 -13 -14 -18 -16 -4 -17 -2 -23
right_child=1 2 3 16 -6 8 17 11 9 -11 -12 21 23 -15 25 27 24 -19 -20 -21 -22 29 -24 -25 -26 -27 -28 -29 -30 -31
leaf_value=-0.015358562464631426 -0.016950852162787446 -0.0075561537907924536 0.016794602547350341 -0.01586439431082895 -0.016859793753930638 0.014791644208000313 -0.003107204621299391 -0.0065665294055130552 0.01297660458288359 0.01755004031783353 -0.016829684794665182 -0.00041862068905378552 -0.0058349947966650339 -0.0015832923118451908 -0.015729824471401539 0.00048163392098888295 0.00396628177491282 0.013416983402975941 0.0047251777065513562 -0.012256186638281621 0.0047100817342578686 -0.010501298499534913 0.015652313230910563 -0.013857928208923379 -0.012558775509596283 -0.011432278006338141 0.013709767651242445 0.013684139792767884 -0.0055163804612138991 0.00022639370116747065
leaf_weight=20.875712379813194 10.883840486407282 73.909291863441467 150.79010619223118 22.544176086783409 55.51441103219986 370.62978714704514 6.2370201200246802 117.92659157514572 5.6964050382375735 7.5988917946815482 7.4743673354387283 10.218788892030718 20.139829441905022 186.7972483932972 304.12691751122475 6.2321165204048157 8.9564917832612974 50.434636607766151 13.217261970043181 30.405199408531189 22.876234829425812 10.460481196641924 7.4381387233734122 63.110346511006355 5.1935129016637793 49.712947741150856 87.57781657576561 5.2313938289880735 5.4547294080257407 6.7323963493108741
leaf_count=88 45 299 618 93 229 1512 25 480 23 31 31 41 83 748 1288 25 36 205 53 126 92 43 30 262 21 206 357 21 22 27
internal_value=0 0.00713295 0.00344139 0.0118227 -0.0030381 0.013119 -0.00062047 -0.0112893 0.0142149 0.00392349 -0.00393836 -0.00700825 -0.0079831 -0.00327658 -0.0144965 -0.00760786 -0.0105562 0.0115984 0.0150867 -0.00607023 -0.00473442 0.000109665 0.0063514 -0.011917 -0.00209895 -0.015126 0.0156612 0.00650662 -0.0131334 -0.00630054
internal_weight=0 1068.91 661.172 288.279 372.893 407.738 317.378 675.487 391.399 20.7697 13.1708 289.308 254.458 260.707 386.179 32.3392 36.6942 56.6717 251.585 171.208 140.803 34.8498 17.6569 83.2502 14.15 353.84 238.368 11.4635 16.3386 17.1929
internal_count=7160 4348 2684 1178 1506 1664 1277 2812 1597 85 54 1184 1043 1047 1628 134 150 230 1028 698 572 141 71 345 57 1494 975 46 67 70
is_linear=0
shrinkage=0.01


Tree=25
num_leaves=31
num_cat=0
split_feature=2 0 0 0 0 0 0 2 1 0 0 1 13 1 6 0 0 1 1 1 1 1 1 1 13 2 1 1 6 1
split_gain=1379.88 232.175 352.716 206.863 122.565 115.217 101.078 91.6856 22.8039 21.8636 28.2235 19.7126 18.895 18.5428 16.531 34.8033 16.3303 14.9059 14.7723 14.5634 26.229 13.6779 13.5712 18.1732 10.919 7.84128 6.37451 5.21788 4.86232 4.69104
threshold=44.500000000000007 4294426.5000000009 4298587.0000000009 4299928.5000000009 4298461.5000000009 4291006.0000000009 4296982.0000000009 35.500000000000007 4363500795115.5005 4291379.0000000009 4291350.5000000009 4363500794116.0005 1.9877225516386876 251391454303.50003 14.500000000000002 4294506.0000000009 4301505.0000000009 251391431848.50003 4092079265860.5005 2384994529185.5005 1862882913040.0002 4363500799182.0005 251391448486.50003 251391442497.50003 1.9877225516386876 33.500000000000007 1862882914324.5002 2883033190491.5005 9.5000000000000018 1862882907364.5002
decision_type=2 2 2 2 2 2 2 2 2 2 2 2 2 2 2 2 2 2 2 2 2 2 2 2 2 2 2 2 2 2
left_child=7 5 4 18 6 29 13 14 -7 10 -10 12 19 -3 15 -1 26 -8 27 20 -9 24 23 -14 -13 -16 -5 -4 -17 -2
right_child=1 2 3 16 -6 8 17 11 9 -11 -12 21 22 -15 25 28 -18 -19 -20 -21 -22 -23 -24 -25 -26 -27 -28 -29 -30 -31
leaf_value=-0.015258925952983966 -0.016834053260822494 -0.007486645098812598 0.016671223989678876 -0.016370665178191128 -0.016741578817587654 0.0146747032401958 -0.0050081182473051969 -0.0060791386554565428 0.01286352920298113 0.017418694725903291 -0.016715718086745403 -0.00041444333486170419 -0.011144859678695286 -0.0015675300446161406 -0.015631498891627935 0.0004768209893049544 0.005874457456336574 0.01309605292673066 0.0046790034759510261 -0.011862536318673929 0.0066223567044615874 -0.0062441820540826256 -0.013497405371775063 0.0030807168942017546 0.015518811359448997 -0.01134253510430816 -0.0067977639470382578 0.013598920913813524 0.013553955893891927 -0.0054639856695096675
leaf_weight=20.802272498607635 10.849931389093401 73.849833771586418 150.38900205492973 20.984223157167438 55.34817162156105 369.85135428607464 4.9873867630958548 92.611585661768913 5.6890507191419619 7.5797248631715766 7.450194776058197 10.218564882874491 26.085521355271339 186.78889705240726 302.98526103794575 6.232068195939064 5.2389605194330207 51.596550837159157 13.214232414960859 28.418550997972488 19.720076560974121 17.174733996391296 73.571279555559158 13.69506900012493 7.4271593242883673 49.60575470328331 10.405175760388373 87.409598857164383 5.2288366109132749 5.4519788324832907
leaf_count=88 45 299 618 87 229 1512 20 376 23 31 31 41 108 748 1288 25 21 210 53 118 79 70 307 55 30 206 42 357 21 22
internal_value=0 0.00707378 0.00341197 0.0117306 -0.00301034 0.0130156 -0.000614556 -0.0112049 0.0141028 0.00389377 -0.00390845 -0.0069475 -0.00791442 -0.00324466 -0.0144012 -0.0075497 -0.0104695 0.0115003 0.01497 -0.00546728 -0.00384936 0.000108657 -0.0109531 -0.00624749 0.00629193 -0.0150281 -0.0131974 0.0155419 0.00644303 -0.0130315
internal_weight=0 1067.08 660.212 287.641 372.571 406.872 317.223 673.777 390.57 20.719 13.1392 288.923 254.102 260.639 384.854 32.2632 36.6284 56.5839 251.013 140.75 112.332 34.8205 113.352 39.7806 17.6457 352.591 31.3894 237.799 11.4609 16.3019
internal_count=7160 4348 2684 1178 1506 1664 1277 2812 1597 85 54 1184 1043 1047 1628 134 150 230 1028 573 455 141 470 163 71 1494 129 975 46 67
is_linear=0
shrinkage=0.01


Tree=26
num_leaves=31
num_cat=0
split_feature=2 2 1 1 1 1 1 1 1 1 6 1 12 1 1 1 1 12 1 1 2 1 1 1 4 12 1 12 3 1
split_gain=1355.59 90.6361 79.6839 57.4862 45.7718 133.181 31.8851 19.3805 19.0876 20.4544 16.3185 28.3311 15.3821 13.4156 11.5733 10.6457 10.4584 10.0487 9.51192 9.35423 7.79396 6.53669 5.64801 13.6831 4.53866 5.11582 4.44628 4.12625 3.91762 3.83874
threshold=44.500000000000007 35.500000000000007 251391454303.50003 4363500794116.0005 1514623722689.0002 1862882906604.5002 1514623724658.5002 1862882913040.0002 1862882919846.5002 4363500794116.0005 14.500000000000002 4092079271318.5005 2.9173279570516617 4363500799182.0005 251391448486.50003 1862882915111.5002 251391442497.50003 1.9749357080623076 251391453524.00003 1514623712833.5002 33.500000000000007 2384994533396.5005 251391438722.50003 251391447918.50003 7.5000000000000009 3.9438900741051093 4363500801101.5005 5.8295651518121305 32.500000000000007 4363500799810.5005
decision_type=2 2 2 2 2 2 2 2 2 2 2 2 2 2 2 2 2 2 2 2 2 2 2 2 2 2 2 2 2 2
left_child=1 10 18 4 19 6 -6 12 17 21 11 -1 22 -11 16 -7 -14 -9 -2 -4 24 -10 -3 -24 25 -12 29 -13 -22 -5
right_child=2 7 3 26 5 15 -8 8 9 13 20 27 14 -15 -16 -17 -18 -19 -20 -21 28 -23 23 -25 -26 -27 -28 -29 -30 -31
leaf_value=-0.014099087241413131 0.0022544050019442682 -0.012738284596382632 0.011126171744522181 -0.0013875303231005549 -0.016445682517171878 0.00636399279277515 -0.00012891641668948595 0.010704868989844541 -0.0033587040042749091 0.0062332940599410906 -0.016102745136128697 0.011621268756315009 -0.011403812229920216 -0.0061865089862531619 -0.015381273246394244 0.010632573437441051 0.0013111010776045207 -0.0041151124486684216 -0.01063686404891614 0.017104396031157695 -0.016520236067442361 -0.012681959076861784 0.00022000641596856839 -0.0078895891304135851 -0.015778103984789175 -0.0027004668880124391 -0.0078682401982749228 -0.00084852421509005527 -0.0097510491082070452 0.0056056065632833522
leaf_weight=21.516344591975212 233.74394191801548 12.713875681161879 40.173637315630913 39.440875008702278 13.885675624012945 66.423553645610809 87.092083930969238 12.973713412880899 10.010782122611998 17.63374362885952 5.6476052701473218 5.715129151940344 20.465354174375538 17.161561608314514 45.79763388633728 485.25321730971336 9.4589881747961027 7.0677607655525199 5.8673731833696356 75.106201604008675 10.989698618650435 30.225332006812096 28.592393413186073 76.400852739810944 290.42686039209366 5.7457084655761719 8.3976882398128492 4.9536487758159637 38.506853833794594 9.7999518662691099
leaf_count=91 956 52 164 160 56 269 353 52 41 71 24 23 85 70 192 1984 38 29 24 308 46 126 116 312 1240 24 34 20 160 40
internal_value=0 -0.0111224 0.00701562 0.00848911 0.00921205 0.00818599 -0.00237267 -0.00688812 -0.0031912 -0.00550694 -0.0143077 -0.0074925 -0.00870521 0.000107663 -0.0122211 0.0101186 -0.00738467 0.0054785 0.00193874 0.0150211 -0.014932 -0.0103623 -0.0064434 -0.00568114 -0.0155352 -0.00934391 -0.00114274 0.00583139 -0.011254 4.24982e-06
internal_weight=0 672.004 1065.18 825.573 767.934 652.655 100.978 288.502 95.0729 75.0314 383.502 32.1851 193.429 34.7953 75.722 551.677 29.9243 20.0415 239.611 115.28 351.317 40.2361 117.707 104.993 301.82 11.3933 57.6385 10.6688 49.4966 49.2408
internal_count=7160 2812 4348 3368 3134 2662 409 1184 389 308 1628 134 795 141 315 2253 123 81 980 472 1494 167 480 428 1288 48 234 43 206 200
is_linear=0
shrinkage=0.01


end of trees

feature_importances:
Column_1=361
Column_0=220
Column_2=94
Column_12=80
Column_6=25
Column_3=11
Column_13=10
Column_4=5

parameters:
[boosting: gbdt]
[objective: binary]
[metric: l2]
[tree_learner: serial]
[device_type: cpu]
[data_sample_strategy: bagging]
[data: ]
[valid: ]
[num_iterations: 8000]
[learning_rate: 0.01]
[num_leaves: 31]
[num_threads: 0]
[seed: 0]
[deterministic: 0]
[force_col_wise: 0]
[force_row_wise: 0]
[histogram_pool_size: -1]
[max_depth: 6]
[min_data_in_leaf: 20]
[min_sum_hessian_in_leaf: 0.001]
[bagging_fraction: 0.8]
[pos_bagging_fraction: 1]
[neg_bagging_fraction: 1]
[bagging_freq: 0]
[bagging_seed: 3]
[feature_fraction: 0.8]
[feature_fraction_bynode: 1]
[feature_fraction_seed: 2]
[extra_trees: 0]
[extra_seed: 6]
[early_stopping_round: 0]
[early_stopping_min_delta: 0]
[first_metric_only: 0]
[max_delta_step: 0]
[lambda_l1: 0]
[lambda_l2: 0]
[linear_lambda: 0]
[min_gain_to_split: 0]
[drop_rate: 0.1]
[max_drop: 50]
[skip_drop: 0.5]
[xgboost_dart_mode: 0]
[uniform_drop: 0]
[drop_seed: 4]
[top_rate: 0.2]
[other_rate: 0.1]
[min_data_per_group: 100]
[max_cat_threshold: 32]
[cat_l2: 10]
[cat_smooth: 10]
[max_cat_to_onehot: 4]
[top_k: 20]
[monotone_constraints: ]
[monotone_constraints_method: basic]
[monotone_penalty: 0]
[feature_contri: ]
[forcedsplits_filename: ]
[refit_decay_rate: 0.9]
[cegb_tradeoff: 1]
[cegb_penalty_split: 0]
[cegb_penalty_feature_lazy: ]
[cegb_penalty_feature_coupled: ]
[path_smooth: 0]
[interaction_constraints: ]
[verbosity: 1]
[saved_feature_importance_type: 0]
[use_quantized_grad: 0]
[num_grad_quant_bins: 4]
[quant_train_renew_leaf: 0]
[stochastic_rounding: 1]
[linear_tree: 0]
[max_bin: 255]
[max_bin_by_feature: ]
[min_data_in_bin: 3]
[bin_construct_sample_cnt: 200000]
[data_random_seed: 1]
[is_enable_sparse: 1]
[enable_bundle: 1]
[use_missing: 1]
[zero_as_missing: 0]
[feature_pre_filter: 1]
[pre_partition: 0]
[two_round: 0]
[header: 0]
[label_column: ]
[weight_column: ]
[group_column: ]
[ignore_column: ]
[categorical_feature: ]
[forcedbins_filename: ]
[precise_float_parser: 0]
[parser_config_file: ]
[objective_seed: 5]
[num_class: 1]
[is_unbalance: 0]
[scale_pos_weight: 1]
[sigmoid: 1]
[boost_from_average: 1]
[reg_sqrt: 0]
[alpha: 0.9]
[fair_c: 1]
[poisson_max_delta_step: 0.7]
[tweedie_variance_power: 1.5]
[lambdarank_truncation_level: 30]
[lambdarank_norm: 1]
[label_gain: ]
[lambdarank_position_bias_regularization: 0]
[eval_at: ]
[multi_error_top_k: 1]
[auc_mu_weights: ]
[num_machines: 1]
[local_listen_port: 12400]
[time_out: 120]
[machine_list_filename: ]
[machines: ]
[gpu_platform_id: -1]
[gpu_device_id: -1]
[gpu_use_dp: 0]
[num_gpu: 1]

end of parameters

pandas_categorical:null
