tree
version=v4
num_class=1
num_tree_per_iteration=1
label_index=0
max_feature_idx=21
objective=binary sigmoid:1
feature_names=Column_0 Column_1 Column_2 Column_3 Column_4 Column_5 Column_6 Column_7 Column_8 Column_9 Column_10 Column_11 Column_12 Column_13 Column_14 Column_15 Column_16 Column_17 Column_18 Column_19 Column_20 Column_21
feature_infos=[4200197:4202193] [174026416739:4363500796017] [33:inf] [47:inf] none none none none none none none none [1:2.9206741943067689] [1:2.9598656605670239] [1:2.9798134171732364] [1:2.989876658705644] [1:2.9949307921582129] [1:2.9974635086805503] [1:2.9987312821025616] [1:2.9993655229433065] [1:2.9996827319385888] [1:2.9998413585852699]
tree_sizes=3266 3390 3399 3388 3387 3381 3393 3389 3394 3392 3388 3388 3394 3403 3398 3396

Tree=0
num_leaves=31
num_cat=0
split_feature=12 1 1 1 12 1 1 1 1 1 1 1 1 1 12 1 1 1 1 1 1 1 1 1 12 1 1 1 1 1
split_gain=1051.92 483.488 343.697 242.82 120.342 139.825 187.447 117.624 68.6184 62.1767 57.07 50.724 49.1902 41.3011 34.5815 85.0545 55.6166 33.205 23.0175 20.7583 19.9228 152.075 19.0662 14.4789 19.2732 13.6924 11.1163 9.73708 6.18976 3.16616
threshold=1.9624772206723649 2547630274184.5005 2627809357362.5005 3475289721263.0005 1.9709841250782696 2627809328197.5005 1861025335364.5002 2627809358352.5005 1955683360673.5002 4092079269933.5005 2627809349597.5005 2482915546083.0005 2547630269223.5005 1861025336017.5002 1.9677033768039414 1955683350704.5002 1955683348656.5002 2384994539394.5005 3845128320281.5005 4092079271118.0005 3704300935932.5005 2627809355836.0005 2627809349987.0005 1514623708868.5002 1.9585761340917001 4092079270552.5005 2627809355836.0005 2482915547101.5005 2627809355174.5005 2627809351716.5005
decision_type=2 2 2 2 2 2 2 2 2 2 2 2 2 2 2 2 2 2 2 2 2 2 2 2 2 2 2 2 2 2
left_child=1 8 22 -4 7 6 -6 10 13 20 14 -10 27 23 16 -16 -2 -8 -5 -9 21 -7 -3 -1 -25 -20 29 -13 -12 -24
right_child=4 2 3 18 5 9 17 19 11 -11 28 12 -14 -15 15 -17 -18 -19 25 -21 -22 -23 26 24 -26 -27 -28 -29 -30 -31
leaf_value=0.81506817272086718 0.7739203816650313 0.79041426307736107 0.81568745526742115 0.7948823502005592 0.77019860861019784 0.76987834977069025 0.81551141665008708 0.81429478758772711 0.81557360016003433 0.80624429316720092 0.77142917165581093 0.80988633430945312 0.81531817852732646 0.80416880510944977 0.81106778889562581 0.77611387498792417 0.79180223685247642 0.79115889754521673 0.80502094653897105 0.79409375019452522 0.76914750267540344 0.8071515516303156 0.78560509652482402 0.8071515516303156 0.8159217167737568 0.79575301895153105 0.79175503948960757 0.79660849288798508 0.78353956855181983 0.77947008785572969
leaf_weight=58.579284608364105 20.951714932918549 157.99303403496742 128.06201270222664 110.7447789311409 19.027577847242355 54.731010437011719 24.372403085231785 24.586196094751362 315.98606806993484 6.1999972760677329 17.53102678060532 6.6275832951068869 33.137916475534439 168.4688915014267 22.662059009075165 10.048271447420118 102.4068515598774 7.268962323665618 50.455150246620178 6.4137902855873099 52.593080341815948 13.682752609252928 11.544822514057158 109.46202087402344 32.496537446975708 23.303438037633896 12.82758057117462 33.137916475534439 5.5586182475090018 30.999986380338669
leaf_count=274 98 739 599 518 89 256 114 115 1478 29 82 31 155 788 106 47 479 34 236 30 246 64 54 512 152 109 60 155 26 145
internal_value=0.801435 0.805796 0.798429 0.805108 0.787007 0.780953 0.795002 0.79213 0.810908 0.775358 0.789018 0.813839 0.80632 0.807819 0.791189 0.80033 0.788765 0.809917 0.797765 0.810115 0.773775 0.777333 0.788645 0.810885 0.809159 0.802093 0.783595 0.798821 0.774345 0.781135
internal_weight=0 1283.83 525.931 312.565 388.034 177.876 50.6689 210.159 757.896 127.207 179.159 388.889 72.9034 369.007 156.069 32.7103 123.359 31.6414 184.503 31 121.007 68.4138 213.365 200.538 141.959 73.7586 55.3724 39.7655 23.0896 42.5448
internal_count=7820 6005 2460 1462 1815 832 237 983 3545 595 838 1819 341 1726 730 153 577 148 863 145 566 320 998 938 664 345 259 186 108 199
is_linear=0
shrinkage=1


Tree=1
num_leaves=31
num_cat=0
split_feature=13 1 1 1 2 3 1 13 1 1 1 1 1 1 1 1 1 1 2 1 1 1 1 2 1 1 1 1 1 1
split_gain=1027.05 475.834 335.314 239.303 126.621 175.611 99.2657 97.3861 67.9916 55.5524 50.3188 48.5127 40.7704 37.1983 38.0827 28.7309 49.9193 28.1134 27.8211 22.4775 18.3944 14.7136 14.3606 19.0947 13.4125 10.6999 9.54725 6.00721 3.03591 1.38535
threshold=1.9810592199809773 2547630274184.5005 2627809357362.5005 3475289721263.0005 41.500000000000007 56.500000000000007 2627809357362.5005 2.9391126962732588 1955683360673.5002 2627809350543.5005 2482915546083.0005 2547630269223.5005 1861025336017.5002 2627809355836.0005 2627809328619.0005 3704300935932.5005 2547630274184.5005 2384994539394.5005 50.500000000000007 3845128320281.5005 2627809349987.0005 4092079267990.0005 1514623708868.5002 63.500000000000007 4092079270552.5005 2627809355836.0005 2482915547101.5005 4092079267307.0005 2627809351716.5005 2482915539094.0005
decision_type=2 2 2 2 2 2 2 2 2 2 2 2 2 2 2 2 2 2 2 2 2 2 2 2 2 2 2 2 2 2
left_child=1 8 20 -4 15 13 7 9 12 -7 29 26 22 14 -6 16 -2 -9 -8 -5 -3 -17 -1 -24 -21 28 -12 -20 -22 -10
right_child=4 2 3 19 5 6 18 17 10 -11 11 -13 -14 -15 -16 21 -18 -19 27 24 25 -23 23 -25 -26 -27 -28 -29 -30 -31
leaf_value=0.013568073000554076 -0.031601950325356197 -0.010864789831204676 0.014187805005896677 -0.006470816450678922 -0.00095842256155662033 -0.011076363114665049 -0.0087873544019631267 0.014424129698996133 0.014349266181131368 -0.029060456021635785 0.0083941680919049893 0.013818224446902384 0.00270943256302969 0.001071738959577632 -0.031217682194537716 -0.031579257180507622 0.0056837373613500284 -0.011580237405747675 0.013629624805953399 0.0035550987401285305 -0.015577715308145388 -0.01473854267979122 0.014422314560124746 0.0056719429947778479 -0.0056128594426173243 -0.0095478084316453701 -0.0047693245339445771 0.0010365158069424907 -0.021565448919172229 0.012473361569847919
leaf_weight=58.273833334445953 7.570651099085806 158.65293663740158 127.36376556754112 111.02026295661926 4.5133982598781577 178.41453939676285 8.5789807736873609 18.499835774302486 268.13485273718834 19.005861341953278 6.6062007397413245 32.96193964779377 168.29344081878662 4.4805321693420401 53.000785931944847 48.903631210327148 6.830358162522316 5.3624754548072806 24.698723837733272 50.386202335357666 11.61395752429962 5.8036417365074149 32.316426515579224 109.22338104248047 23.353720843791962 12.874664068222044 33.198672607541084 4.4741646349430075 31.256967633962631 46.142159432172775
leaf_count=274 35 739 599 518 21 831 40 87 1261 88 31 155 788 21 245 226 32 25 116 236 54 27 152 512 109 60 155 21 145 217
internal_value=0 0.00432476 -0.00297229 0.00364172 -0.0142059 -0.0115627 -0.00794439 -0.0105013 0.00941257 -0.0128077 0.0123389 0.00484553 0.00633574 -0.0266811 -0.0288431 -0.0264846 -0.0139175 0.00858028 0.00704297 -0.00362819 -0.012601 -0.0297927 0.00939 0.00766983 0.000651571 -0.0175425 -0.00258465 0.0116983 -0.0199433 0.0140738
internal_weight=0 1281.67 526.522 312.124 390.138 321.029 259.035 221.283 755.151 197.42 387.044 72.7668 368.107 61.9947 57.5142 69.1083 14.401 23.8623 37.7519 184.76 214.399 54.7073 199.814 141.54 73.7399 55.7456 39.8049 29.1729 42.8709 314.277
internal_count=7820 6005 2460 1462 1815 1495 1208 1031 3545 919 1819 341 1726 287 266 320 67 112 177 863 998 253 938 664 345 259 186 137 199 1478
is_linear=0
shrinkage=0.01


Tree=2
num_leaves=31
num_cat=0
split_feature=12 1 1 1 0 0 0 0 1 2 3 0 1 12 1 0 1 1 1 0 0 1 1 0 0 1 1 1 1 1
split_gain=1002.99 468.315 327.184 235.851 195.988 197.802 165.541 303.051 141.798 121.776 169.258 274.351 68.875 97.0519 67.3802 147.243 110.836 49.9217 47.8476 38.4486 129.903 35.7449 36.5093 35.6234 33.4434 27.4487 48.2228 24.3877 22.4103 73.4082
threshold=1.9624772206723649 2547630274184.5005 2627809357362.5005 3475289721263.0005 4200832.5000000009 4202044.0000000009 4202044.0000000009 4200832.5000000009 2627809349987.0005 41.500000000000007 56.500000000000007 4202044.0000000009 2627809357892.5005 1.9677033768039414 1955683360673.5002 4201752.0000000009 1861025336017.5002 2482915546083.0005 2547630269223.5005 4202133.0000000009 4202066.0000000009 2627809355836.0005 2627809328619.0005 4201877.5000000009 4200361.5000000009 3704300935932.5005 2547630274184.5005 2627809355836.0005 2627809349597.5005 2627809357362.5005
decision_type=2 2 2 2 2 2 2 2 2 2 2 2 2 2 2 2 2 2 2 2 2 2 2 2 2 2 2 2 2 2
left_child=1 14 6 -4 24 -6 7 8 -3 25 21 12 13 -12 15 -1 23 -16 -19 20 -8 22 -11 -17 -5 26 -2 -9 -13 -30
right_child=9 2 3 4 5 -7 19 27 -10 10 11 28 -14 -15 17 16 -18 18 -20 -21 -22 -23 -24 -25 -26 -27 -28 -29 29 -31
leaf_value=0.013499103489975291 -0.030929963508059384 0.013742653307515151 0.014124185870280765 -0.0048088721669012485 -0.02014181290724373 0.0062933555098957953 0.011298911571523511 -0.027510040648875935 -0.026395986660131539 -0.00094849655083363398 -0.021952173759902178 0.012120894228657688 0.0026039784953724165 -0.0055168155186894946 0.014010098258500468 -0.0049047461134900982 -0.0084167408570893689 -0.0025562759364737859 0.013754226281672317 0.013619053072662396 -0.029343523739961432 0.0010614598713685791 -0.030558169813876889 0.0090273975574257526 0.014523197187076484 -0.029178077136257356 0.0056392428365694058 -0.0086444858715255049 -0.02163268996055202 0.013756501096652676
leaf_weight=159.87286216020584 7.6573358476161939 35.567226111888885 126.66160000860691 10.890764951705931 80.197290182113647 43.744764804840088 21.159685358405113 106.85264198482037 11.695350885391234 4.5150176733732215 110.2015392780304 50.132182016968727 21.099439561367035 53.309562042355537 312.55856707692146 22.276203453540802 80.859361216425896 39.843328133225441 32.785045877099037 20.292221158742905 12.516074299812315 4.4786930233240119 53.600138872861862 104.19852055609226 50.179008007049561 55.297947809100151 6.8154834657907486 7.3217668235301963 9.3562306016683596 15.69213519990444
leaf_count=751 35 165 599 51 374 204 98 495 54 21 510 234 99 248 1478 105 379 186 155 94 58 21 245 491 234 253 32 34 43 74
internal_value=0 0.00428912 -0.00293922 0.00361071 -0.00358696 -0.0108116 -0.0124164 -0.0174851 0.00381015 -0.0139907 -0.0113983 -0.0078417 -0.0143996 -0.0165938 0.00935283 0.00628787 0.000727377 0.0122747 0.00480642 0.00274564 -0.00380643 -0.0261599 -0.0282578 0.00657351 0.0110756 -0.0259693 -0.0137089 -0.0263002 0.00826165 0.000537697
internal_weight=0 1279.47 527.078 311.673 185.012 123.942 215.405 161.437 47.2626 392.156 322.385 259.791 184.611 163.511 752.394 367.207 207.334 385.187 72.6284 53.968 33.6758 62.5938 58.1152 126.475 61.0698 69.7708 14.4728 114.174 75.1805 25.0484
internal_count=7820 6005 2460 1462 863 578 998 748 219 1815 1495 1208 857 758 3545 1726 975 1819 341 250 156 287 266 596 285 320 67 529 351 117
is_linear=0
shrinkage=0.01


Tree=3
num_leaves=31
num_cat=0
split_feature=12 1 1 1 0 0 0 0 1 2 3 0 1 12 1 0 1 1 1 0 0 0 1 1 0 1 1 1 1 1
split_gain=979.711 460.898 319.295 232.454 191.854 192.082 160.644 292.704 138.545 117.24 163.29 267.524 66.8028 93.6043 66.7805 145.468 108.588 49.5337 47.1948 37.8586 126.307 35.0613 34.3864 35.0457 33.0395 26.2548 46.6222 23.3645 22.134 71.7745
threshold=1.9624772206723649 2547630274184.5005 2627809357362.5005 3475289721263.0005 4200832.5000000009 4202044.0000000009 4202044.0000000009 4200832.5000000009 2627809349987.0005 41.500000000000007 56.500000000000007 4202044.0000000009 2627809357892.5005 1.9677033768039414 1955683360673.5002 4201752.0000000009 1861025336017.5002 2482915546083.0005 2547630269223.5005 4202133.0000000009 4202066.0000000009 4201877.5000000009 2627809355836.0005 2627809328619.0005 4200361.5000000009 3704300935932.5005 2547630274184.5005 2627809355836.0005 2627809349597.5005 2627809357362.5005
decision_type=2 2 2 2 2 2 2 2 2 2 2 2 2 2 2 2 2 2 2 2 2 2 2 2 2 2 2 2 2 2
left_child=1 14 6 -4 24 -6 7 8 -3 25 22 12 13 -12 15 -1 21 -16 -19 20 -8 -17 23 -11 -5 26 -2 -9 -13 -30
right_child=9 2 3 4 5 -7 19 27 -10 10 11 28 -14 -15 17 16 -18 18 -20 -21 -22 -23 -24 -25 -26 -27 -28 -29 29 -31
leaf_value=0.01343467795460964 -0.030292509951224986 0.013675710612131116 0.014061694998294913 -0.004752029503566714 -0.019790456626506425 0.0062453560626426667 0.011233229665349807 -0.026962552400285257 -0.025883738062031959 -0.00093867746462582703 -0.02155904000134409 0.012055448023249772 0.0025805335551720098 -0.0054503631238604659 0.013947456128244143 -0.0048464193784990423 -0.0083057546885292894 -0.0025282576423109383 0.013691284166716992 0.013551756837904702 -0.02874029884134776 0.0089688552494108439 0.0010512758935988288 -0.02993215245792312 0.014457983838350745 -0.028592897214725573 0.0055950775141300427 -0.0085305412117988276 -0.02125158290521836 0.013693026433098944
leaf_weight=159.03732384741306 7.7398633956909162 35.384828075766563 125.95578379929066 10.91072742640972 80.801802381873131 43.640687972307205 21.071018785238266 107.92662124335766 11.806967556476591 4.5166191160678855 111.08446648716927 49.901452496647835 21.078327849507332 53.419376820325851 310.83139728009701 22.318637609481812 81.119136765599251 39.881821721792221 32.607299834489822 20.18957331776619 12.650296807289122 103.83171314001083 4.4768701493740073 54.171019345521927 49.902676492929459 55.862485468387604 6.8006642907857895 7.3452510833740225 9.4284082502126711 15.607651084661482
leaf_count=751 35 165 599 51 374 204 98 495 54 21 510 234 99 248 1478 105 379 186 155 94 58 491 21 245 234 253 32 34 43 74
internal_value=0 0.00425418 -0.00290637 0.00358034 -0.00354595 -0.01066 -0.0122362 -0.0171997 0.00377829 -0.0137822 -0.0112384 -0.00774108 -0.0141804 -0.0163281 0.00929376 0.00624052 0.000720465 0.0122115 0.00476767 0.00272165 -0.00376254 0.00652464 -0.025663 -0.0277008 0.0110115 -0.0254773 -0.0135077 -0.025788 0.00820593 0.000533126
internal_weight=0 1277.21 527.586 311.212 185.256 124.442 216.375 162.464 47.1918 394.087 323.684 260.52 185.582 164.504 749.627 366.307 207.269 383.321 72.4891 53.9109 33.7213 126.15 63.1645 58.6876 60.8134 70.403 14.5405 115.272 74.9375 25.0361
internal_count=7820 6005 2460 1462 863 578 998 748 219 1815 1495 1208 857 758 3545 1726 975 1819 341 250 156 596 287 266 285 320 67 529 351 117
is_linear=0
shrinkage=0.01


Tree=4
num_leaves=31
num_cat=0
split_feature=12 1 1 1 0 0 0 0 1 12 0 1 1 1 12 1 1 0 1 1 1 1 0 0 0 0 1 1 1 1
split_gain=957.198 453.613 311.687 229.121 187.836 186.596 155.967 282.897 135.413 106.399 212.511 118.011 172.652 72.0224 98.7928 94.5538 66.1906 143.724 106.391 56.111 49.1537 46.5538 37.2804 122.874 34.5088 32.6433 32.4999 26.8755 23.0826 66.3438
threshold=1.9624772206723649 2547630274184.5005 2627809357362.5005 3475289721263.0005 4200832.5000000009 4202044.0000000009 4202044.0000000009 4200832.5000000009 2627809349987.0005 1.9709841250782696 4202044.0000000009 2627809328197.5005 1861025335364.5002 2627809358352.5005 1.9677033768039414 1955683350704.5002 1955683360673.5002 4201752.0000000009 1861025336017.5002 4092079269933.5005 2482915546083.0005 2547630269223.5005 4202133.0000000009 4202066.0000000009 4201877.5000000009 4200361.5000000009 2384994539394.5005 2627809327124.5005 2627809349597.5005 2627809356877.5005
decision_type=2 2 2 2 2 2 2 2 2 2 2 2 2 2 2 2 2 2 2 2 2 2 2 2 2 2 2 2 2 2
left_child=1 16 6 -4 25 -6 7 8 -3 10 13 12 -11 14 27 -16 17 -1 24 -13 -18 -22 23 -8 -19 -5 -14 -2 -12 -30
right_child=9 2 3 4 5 -7 22 -9 -10 11 28 19 26 -15 15 -17 20 18 -20 -21 21 -23 -24 -25 -26 -27 -28 -29 29 -31
leaf_value=0.01337125433942136 -0.014902886022026676 0.013609851550152173 0.014000306226147874 -0.0046960068277262304 -0.019451127811881047 0.0061977130163683256 0.011168267282363848 -0.025298242813358702 -0.025393681845616172 -0.029533964765625101 0.014473292111523286 -0.025631109097422843 0.013919098638946224 0.0044434853978904711 0.0097116631245613618 -0.028049776936606385 0.013885893212511212 -0.0047889433372318921 -0.008196825180268626 0.005037744398290747 -0.002500580983643128 0.013629373397660381 0.013485526731858717 -0.028165982792871861 0.0089107938842159055 0.01439399534215363 -0.010189859438171132 -0.025005106911386257 -0.023376250595411388 0.014279705974052315
leaf_weight=158.1979782730341 42.379578590393066 35.201417058706284 125.24655793607235 10.9303832501173 81.386310905218124 43.536922842264175 20.982092678546906 116.32307982444763 11.913926884531973 19.592448458075523 30.750607192516327 125.55840408802032 24.042203933000568 18.054579675197601 22.768594682216644 9.3557941466569883 309.09608772397041 22.360422447323799 81.373886004090309 6.2631591558456412 39.919821500778198 32.428759261965752 20.086359173059464 12.778502270579336 103.46502943336964 49.624666035175323 7.2859390676021567 69.556016713380814 7.3064720928669002 13.009665876626967
leaf_count=751 193 165 599 51 374 204 98 529 54 89 144 566 114 85 106 43 1478 105 379 29 186 155 94 58 491 234 34 317 33 62
internal_value=0 0.00421987 -0.00287438 0.00355051 -0.00350585 -0.0105123 -0.0120622 -0.0169252 0.00374714 -0.0135803 -0.00878068 -0.0191794 -0.00624972 -0.0143844 -0.016744 -0.00128585 0.00923543 0.00619373 0.000713638 -0.024174 0.0121492 0.00472934 0.0026982 -0.00371988 0.00647622 0.0109482 0.00831211 -0.0211803 0.00900858 0.000737162
internal_weight=0 1274.85 528.01 310.725 185.478 124.923 217.285 163.438 47.1153 395.923 213.181 182.742 50.9206 162.115 144.06 32.1244 746.842 365.397 207.199 131.822 381.445 72.3486 53.847 33.7606 125.825 60.555 31.3281 111.936 51.0667 20.3161
internal_count=7820 6005 2460 1462 863 578 998 748 219 1815 983 832 237 744 659 149 3545 1726 975 595 1819 341 250 156 596 285 148 510 239 95
is_linear=0
shrinkage=0.01


Tree=5
num_leaves=31
num_cat=0
split_feature=13 1 1 1 0 0 0 0 1 2 3 0 1 0 1 1 13 1 1 0 0 0 1 1 0 1 1 1 2 1
split_gain=935.384 446.458 304.342 225.849 183.929 181.33 151.49 273.582 132.397 109.026 152.828 254.766 65.6102 142.008 104.244 62.926 87.3148 48.7814 45.9243 36.7135 119.594 33.9655 32.4815 32.9724 32.2547 25.1542 44.5483 22.2413 21.9871 21.4238
threshold=1.9810592199809773 2547630274184.5005 2627809357362.5005 3475289721263.0005 4200832.5000000009 4202044.0000000009 4202044.0000000009 4200832.5000000009 2627809349987.0005 41.500000000000007 56.500000000000007 4202044.0000000009 1955683360673.5002 4201752.0000000009 1861025336017.5002 2627809357892.5005 1.9837191413668827 2482915546083.0005 2547630269223.5005 4202133.0000000009 4202066.0000000009 4201877.5000000009 2627809355836.0005 2627809328619.0005 4200361.5000000009 3704300935932.5005 2547630274184.5005 2627809355836.0005 50.500000000000007 2627809349597.5005
decision_type=2 2 2 2 2 2 2 2 2 2 2 2 2 2 2 2 2 2 2 2 2 2 2 2 2 2 2 2 2 2
left_child=1 12 6 -4 24 -6 7 8 -3 25 22 15 13 -1 21 16 -12 -14 -19 20 -8 -15 23 -11 -5 26 -2 -9 -17 -13
right_child=9 2 3 4 5 -7 19 27 -10 10 11 29 17 14 -16 28 -18 18 -20 -21 -22 -23 -24 -25 -26 -27 -28 -29 -30 -31
leaf_value=0.013308805122993268 -0.029114081455894652 0.013545047712146055 0.013939989177205606 -0.0046407864852371205 -0.019123182706752326 0.0061504235387769878 0.011104005301095406 -0.0259612989339018 -0.024924373166813722 -0.00080126312638831374 -0.020815242009767098 0.01192336804562733 0.013825381030110689 -0.0047323024005388901 -0.0080898938658420204 -0.011488111701173176 -0.005315393398078949 -0.0024732391314815313 0.013568465524341551 0.013420333242119047 -0.027618532342376427 0.0088532025676539058 0.0011612593483915216 -0.028841570319129022 0.014331203355362808 -0.027579026580870053 0.005740528733951691 -0.008090685742938435 0.0099886280972474421 0.00057093909963603078
leaf_weight=157.35511936247349 7.8925126045942289 35.017059445381165 124.53416341543198 10.949738681316374 81.951309040188789 43.433476224541664 20.8929353505373 109.89646020531654 12.016350910067557 4.5385881811380377 112.75552418828011 49.423113971948624 307.35319223999977 22.401567935943604 81.623710587620735 7.299787953495982 53.630542516708374 39.957332089543343 32.249484211206436 19.982616275548935 12.90085059404373 103.09854498505592 4.496296450495719 55.166102722287178 49.345078349113464 56.839589804410934 6.8493034988641739 7.4355641305446616 13.737790450453756 25.048318848013878
leaf_count=751 35 165 599 51 374 204 98 495 54 21 510 234 1478 105 379 34 248 186 155 94 58 491 21 245 234 253 32 34 65 117
internal_value=0 0.00418615 -0.00284318 0.00352121 -0.0034666 -0.0103684 -0.0118938 -0.0166605 0.00371667 -0.0133844 -0.0109313 -0.00754176 0.00917781 0.00614747 0.000706892 -0.0137589 -0.0158192 0.0120878 0.00469141 0.00267526 -0.00367841 0.00642821 -0.0247581 -0.02671 0.0108858 -0.0245601 -0.01292 -0.0248288 0.00253646 0.008105
internal_weight=0 1272.39 528.356 310.214 185.68 125.385 218.142 164.365 47.0334 397.677 326.096 261.895 744.039 364.479 207.124 187.424 166.386 379.56 72.2068 53.7764 33.7938 125.5 64.201 59.7047 60.2948 71.5814 14.7418 117.332 21.0376 74.4714
internal_count=7820 6005 2460 1462 863 578 998 748 219 1815 1495 1208 3545 1726 975 857 758 1819 341 250 156 596 287 266 285 320 67 529 99 351
is_linear=0
shrinkage=0.01


Tree=6
num_leaves=31
num_cat=0
split_feature=12 1 1 1 0 0 0 0 1 2 1 3 0 1 12 1 0 1 1 1 0 0 0 0 1 1 1 2 1 1
split_gain=914.261 439.429 297.253 222.639 180.129 176.273 147.209 264.737 129.489 105.25 148.526 127.369 214.173 85.9946 85.2933 65.039 140.32 102.145 48.4167 45.3059 36.1577 116.456 33.4314 31.8735 31.2358 24.1401 43.172 23.4236 21.3853 16.7139
threshold=1.9624772206723649 2547630274184.5005 2627809357362.5005 3475289721263.0005 4200832.5000000009 4202044.0000000009 4202044.0000000009 4200832.5000000009 2627809349987.0005 41.500000000000007 2627809357362.5005 56.500000000000007 4202044.0000000009 2627809350543.5005 1.9677033768039414 1955683360673.5002 4201752.0000000009 1861025336017.5002 2482915546083.0005 2547630269223.5005 4202133.0000000009 4202066.0000000009 4201877.5000000009 4200361.5000000009 2627809328619.0005 3704300935932.5005 2547630274184.5005 50.500000000000007 2627809355836.0005 1955683357667.0002
decision_type=2 2 2 2 2 2 2 2 2 2 2 2 2 2 2 2 2 2 2 2 2 2 2 2 2 2 2 2 2 2
left_child=1 15 6 -4 23 -6 7 8 -3 25 11 24 14 -14 -13 16 -1 22 -17 -20 21 -8 -18 -5 -11 26 -2 -12 -9 -19
right_child=9 2 3 4 5 -7 20 28 -10 10 27 12 13 -15 -16 18 17 29 19 -21 -22 -23 -24 -25 -26 -27 -28 -29 -30 -31
leaf_value=0.013247305921628032 -0.028565614623379858 0.013481271276121634 0.013880721574578725 -0.0045863555740528932 -0.018806027316558206 0.0061034819726225285 0.011040426403585412 -0.025482135246450665 -0.024474492831346836 -0.00079301568073657225 -0.0065946942148104783 -0.02056333375151391 0.011701593422839765 -0.022037780408585582 -0.0052519722998433747 0.013765894672301687 -0.0046764784307910716 -0.0096433969828506241 -0.002446227950953824 0.013508536287951987 0.013356148458628384 -0.027096095819951229 0.008796073060321468 0.01426957648302471 -0.028044915567203964 -0.027068136179845836 0.0056956133655503586 0.011390971983974962 -0.0079868782074003931 0.0043247761353640028
leaf_weight=156.50900949537754 7.963247597217558 34.831816703081131 123.81883230805397 10.968797460198401 82.497266426682472 43.330362588167191 20.803568258881569 110.83849419653416 12.114357143640516 4.5399253666400901 9.4567838758230192 112.66090932488441 49.856527343392372 8.903412997722624 53.73485854268074 305.60332426428795 22.442086145281792 72.148142725229263 39.994362726807594 32.069534733891487 19.878381669521332 13.017496824264525 102.73231887817383 49.064013957977295 57.164751917123795 57.330756589770317 6.8343595266342163 30.904672205448151 7.4567761123180381 9.7205581516027433
leaf_count=751 35 165 599 51 374 204 98 495 54 21 44 506 237 40 248 1478 105 334 186 155 94 58 491 234 252 253 32 147 34 45
internal_value=0 0.00415304 -0.00281277 0.00349242 -0.00342818 -0.0102281 -0.0117311 -0.0164055 0.00368687 -0.0131944 -0.0107842 -0.0133113 -0.00982302 0.00658934 -0.0156188 0.00912089 0.00610174 0.000700227 0.0120272 0.00465389 0.00265283 -0.00363806 0.00638063 0.0108243 -0.0260399 -0.024129 -0.0127419 0.00717689 -0.0243793 -0.00798491
internal_weight=0 1269.84 528.62 309.679 185.86 125.828 218.941 165.241 46.9462 399.35 327.222 286.86 225.156 58.7599 166.396 741.219 363.552 207.043 377.667 72.0639 53.6994 33.8211 125.174 60.0328 61.7047 72.1284 14.7976 40.3615 118.295 81.8687
internal_count=7820 6005 2460 1462 863 578 998 748 219 1815 1495 1304 1031 277 754 3545 1726 975 1819 341 250 156 596 285 273 320 67 191 529 379
is_linear=0
shrinkage=0.01


Tree=7
num_leaves=31
num_cat=0
split_feature=13 1 1 1 0 0 0 0 1 2 1 1 2 0 13 1 0 1 1 1 1 0 0 0 0 1 1 1 2 1
split_gain=893.817 432.524 290.403 219.487 176.432 171.413 143.107 256.326 126.683 101.684 144.796 105.797 69.3752 196.104 64.6614 64.4765 138.659 100.092 48.0592 44.6984 38.9915 35.6126 113.45 32.9062 31.4994 26.6579 23.1905 41.866 23.0684 20.5855
threshold=1.9810592199809773 2547630274184.5005 2627809357362.5005 3475289721263.0005 4200832.5000000009 4202044.0000000009 4202044.0000000009 4200832.5000000009 2627809349987.0005 41.500000000000007 2627809357362.5005 2627809329220.5005 54.500000000000007 4202044.0000000009 2.9391126962732588 1955683360673.5002 4201752.0000000009 1861025336017.5002 2482915546083.0005 2547630269223.5005 1861025332111.5002 4202133.0000000009 4202066.0000000009 4201877.5000000009 4200361.5000000009 2384994539394.5005 3704300935932.5005 2547630274184.5005 50.500000000000007 2627809355836.0005
decision_type=2 2 2 2 2 2 2 2 2 2 2 2 2 2 2 2 2 2 2 2 2 2 2 2 2 2 2 2 2 2
left_child=1 15 6 -4 24 -6 7 8 -3 26 11 14 13 -13 20 16 -1 23 -17 -20 -11 22 -8 -18 -5 -16 27 -2 -12 -9
right_child=9 2 3 4 5 -7 21 29 -10 10 28 12 -14 -15 25 18 17 -19 19 -21 -22 -23 -24 -25 -26 -27 -28 -29 -30 -31
leaf_value=0.013186732724626839 -0.02804278003876164 0.013418495271220974 0.01382247303814188 -0.0045326970703810573 -0.018499103792675799 0.0060568851442261221 0.010977512669632599 -0.025023156139463432 -0.024042828927149339 -0.025989578111916125 -0.0065126322896265892 -0.023554216732483483 -0.024659015338893218 0.010868174848774306 0.014160360530188956 0.01370740807954203 -0.0046214555189851413 -0.0078817971483728169 -0.0024195433268128473 0.013449559751674554 -0.0075986095105791728 0.013292947210477666 -0.02659698592334583 0.0087393956705388957 0.014209085553127306 -0.0083232948913315469 -0.026579918663609151 0.0056510306060669107 0.01132892853124059 -0.0078849147426900395
leaf_weight=155.65991523861885 8.030255660414694 34.645755216479301 123.10080561041832 10.987565875053404 83.024652704596519 43.227592945098877 20.714017406105995 111.73819972574711 12.208060711622236 13.214086160063742 9.4800654798746091 46.802740007638931 86.212838605046272 25.604390785098076 18.458778232336048 303.84701560437679 22.481986194849014 82.108707055449486 40.030918955802917 31.888961642980576 90.357389584183693 19.77368900179863 13.128592744469641 102.36641979217529 48.781577676534653 7.3824793398380271 57.797573760151863 6.819469913840293 30.763891845941544 7.4775655567646018
leaf_count=751 35 165 599 51 374 204 98 495 54 60 44 209 380 121 89 1478 105 379 186 155 411 94 58 491 234 34 253 32 147 34
internal_value=0 0.0041205 -0.0027831 0.00346413 -0.00339057 -0.0100914 -0.0115736 -0.0161596 0.00365771 -0.0130106 -0.0106415 -0.013124 -0.0185982 -0.0113819 -0.00641423 0.00906465 0.00605653 0.000693656 0.0119675 0.00461675 -0.00994501 0.00263088 -0.00359879 0.00633345 0.0107637 0.0077371 -0.0237161 -0.0125695 0.00712608 -0.0239482
internal_weight=0 1267.19 528.808 309.122 186.021 126.252 219.686 166.07 46.8538 400.924 328.277 288.033 158.62 72.4071 129.413 738.384 362.617 206.957 375.767 71.9199 103.571 53.6163 33.8426 124.848 59.7691 25.8413 72.6473 14.8497 40.244 119.216
internal_count=7820 6005 2460 1462 863 578 998 748 219 1815 1495 1304 710 330 594 3545 1726 975 1819 341 471 250 156 596 285 123 320 67 191 529
is_linear=0
shrinkage=0.01


Tree=8
num_leaves=31
num_cat=0
split_feature=12 0 0 2 2 3 0 12 0 0 2 0 2 3 0 0 0 2 12 2 12 3 0 2 0 3 2 2 2 0
split_gain=873.959 287.956 188.478 133.273 98.3346 139.114 238.114 51.2372 44.3549 123.667 34.5886 27.0243 20.7542 20.2507 18.9808 32.1725 15.6957 11.6797 9.64145 10.187 6.3276 6.29111 5.1672 4.34396 4.31253 2.73369 1.84426 1.88026 0.75875 0.739326
threshold=1.9624772206723649 4200832.5000000009 4202044.0000000009 63.500000000000007 41.500000000000007 56.500000000000007 4202044.0000000009 1.9677033768039414 4202133.0000000009 4202066.0000000009 43.500000000000007 4200361.5000000009 57.500000000000007 49.500000000000007 4201839.5000000009 4201908.5000000009 4201908.5000000009 53.500000000000007 1.9755958669540026 34.500000000000007 2.8812087111174436 55.500000000000007 4200348.5000000009 58.500000000000007 4201908.5000000009 50.500000000000007 40.500000000000007 37.500000000000007 59.500000000000007 4200281.0000000009
decision_type=2 2 2 2 2 2 2 2 2 2 2 2 2 2 2 2 2 2 2 2 2 2 2 2 2 2 2 2 2 2
left_child=1 11 3 12 18 13 7 16 9 23 -9 22 24 -6 -5 -16 -7 -8 26 -20 -19 25 29 -4 -3 -15 27 -2 -14 -1
right_child=4 2 8 14 5 6 17 10 -10 -11 -12 -13 28 21 15 -17 -18 20 19 -21 -22 -23 -24 -25 -26 -27 -28 -29 -30 -31
leaf_value=0.0024622636217158638 -0.022137758878878994 0.0059006080276121633 0.0072268528748175818 -0.0091591730894642915 -0.0051490628199239224 -0.013155715752705213 0.013174233934663078 -0.016621097866650981 0.013823681951856501 -0.0037440399504182725 -0.00014412007482339793 0.011558511548953288 0.011715450636877347 -0.021116474834519821 -0.00032766191014675276 -0.005714230382245721 -0.02007144258621003 0.0019101851708772149 -0.027779713667355339 -0.0094734705907709386 0.0094255324412731677 -0.01714916327688213 -0.0082705932588554507 0.01419780980006788 -0.0053751733522914196 -0.027492604605170067 -0.021208990931245581 -0.026882564612844374 0.014027257864181655 0.0064056520153995345
leaf_weight=19.268564879894264 10.65698531270027 5.8979499638080579 10.135203465819357 65.805764406919479 5.488249957561492 64.822614252567291 27.259181514382362 18.725169509649277 84.954174309968948 82.949055165052414 39.860879138112068 390.01437368988991 24.947454959154129 7.9431396424770346 193.66396673023701 259.40091195702553 66.467460513114929 27.851307600736618 4.6078380048274985 8.9328943341970426 18.742217138409615 8.3274798393249494 4.4229296743869773 75.755810409784317 7.9825887978076935 43.814132258296013 10.329901367425917 38.611356183886528 32.945279091596603 6.3118236213922492
leaf_count=91 47 28 49 305 25 291 130 85 409 391 184 1885 121 35 903 1210 297 131 20 40 90 37 21 364 37 190 45 168 161 30
internal_value=0 0.00408851 0.000722923 -0.00237396 -0.0128314 -0.0105018 -0.00726082 -0.0131868 0.00793015 0.00496474 -0.00541046 0.010855 0.010398 -0.0235366 -0.00414065 -0.00341173 -0.0166569 0.007975 -0.0233201 -0.015703 0.00493323 -0.0252161 0.00170966 0.0133752 -0.000584005 -0.0265141 -0.0250508 -0.0258562 0.013031 0.00343527
internal_weight=0 1264.46 844.438 590.644 402.441 329.302 263.729 189.876 253.794 168.84 58.586 420.018 71.7733 65.573 518.871 453.065 131.29 73.8527 73.139 13.5407 46.5935 60.0848 30.0033 85.891 13.8805 51.7573 59.5982 49.2683 57.8927 25.5804
internal_count=7820 6005 3978 2765 1815 1495 1208 857 1213 804 269 2027 347 287 2418 2113 588 351 320 60 221 262 142 413 65 225 260 215 282 121
is_linear=0
shrinkage=0.01


Tree=9
num_leaves=31
num_cat=0
split_feature=12 1 1 1 0 0 0 0 1 12 0 1 1 1 0 1 1 12 1 1 1 1 0 0 0 1 0 1 1 1
split_gain=854.514 425.594 283.394 216.542 171.58 164.414 137.54 244.481 124.479 92.0299 189.678 98.2736 156.151 63.9798 135.879 97.2811 63.5913 86.6363 91.5135 51.1168 47.7555 44.1861 34.9752 109.559 32.2482 31.6705 31.023 24.1097 22.2592 62.9323
threshold=1.9624772206723649 2547630274184.5005 2627809357362.5005 3475289721263.0005 4200832.5000000009 4202044.0000000009 4202044.0000000009 4200832.5000000009 2627809349987.0005 1.9709841250782696 4202044.0000000009 2627809328197.5005 1861025335364.5002 1955683360673.5002 4201752.0000000009 1861025336017.5002 2627809358352.5005 1.9677033768039414 1955683350704.5002 4092079269933.5005 2482915546083.0005 2547630269223.5005 4202133.0000000009 4202066.0000000009 4201877.5000000009 2384994539394.5005 4200361.5000000009 2627809327124.5005 2627809349597.5005 2627809356877.5005
decision_type=2 2 2 2 2 2 2 2 2 2 2 2 2 2 2 2 2 2 2 2 2 2 2 2 2 2 2 2 2 2
left_child=1 13 6 -4 26 -6 7 8 -3 10 16 12 -11 14 -1 24 17 27 -19 -13 -15 -22 23 -8 -16 -14 -5 -2 -12 -30
right_child=9 2 3 4 5 -7 22 -9 -10 11 28 19 25 20 15 -17 -18 18 -20 -21 21 -23 -24 -25 -26 -27 -28 -29 29 -31
leaf_value=0.013084400013449181 -0.013705659291476456 0.013305793468142355 0.013746014666386894 -0.0045104208014141887 -0.01813458349360136 0.0059343562264763559 0.010838800373599492 -0.023456858790854868 -0.023823492452357722 -0.027569241445129861 0.014242566584752299 -0.023565449442915373 0.01376221228532023 0.013628852192280621 -0.0045623923986508894 -0.0077430797852065282 0.0043807831840970094 0.0097775312297129855 -0.027138434745436868 0.0054496582453806954 -0.0024383376081368595 0.013374512478161198 0.013166660395096143 -0.026053450869659055 0.0086599888656928165 -0.010045679836720851 0.014102016000316145 -0.023133198666576364 -0.022468535200055352 0.014117419246273419
leaf_weight=154.18735104799271 43.533993229269981 34.302276656031609 122.13068628311157 10.995345398783682 83.648793578147888 42.954697534441948 20.512561097741127 120.25869853794575 12.255495771765707 20.242270201444626 30.113924294710159 130.11521592736244 23.67240080237389 301.42123326659203 22.524775385856628 82.431264266371727 17.995545715093613 22.856429874897003 9.5088340640068036 6.3689710646867743 40.004787161946297 31.653263926506042 19.558321386575699 13.248889431357382 101.84530191123486 7.3136974275112143 48.265304416418076 71.975400373339653 7.4307268708944347 12.801226094365118
leaf_count=751 193 165 599 51 374 204 98 529 54 89 144 566 114 1478 105 379 85 106 43 29 186 155 94 58 491 34 234 317 33 62
internal_value=0 0.00405504 -0.00279087 0.00340209 -0.00339486 -0.00996835 -0.0114555 -0.0159243 0.00353218 -0.0126558 -0.00820828 -0.0177786 -0.00596838 0.00898039 0.00597911 0.000681526 -0.0133684 -0.0155284 -0.00106829 -0.0222115 0.0118844 0.00454662 0.00252571 -0.0036387 0.00626527 0.0081428 0.0106486 -0.0195801 0.00879242 0.000680247
internal_weight=0 1262.2 528.131 307.995 185.864 126.603 220.136 166.816 46.5578 403.929 216.216 187.713 51.2284 734.068 360.989 206.801 165.87 147.875 32.3653 136.484 373.079 71.6581 53.3198 33.7615 124.37 30.9861 59.2606 115.509 50.3459 20.232
internal_count=7820 6005 2460 1462 863 578 998 748 219 1815 983 832 237 3545 1726 975 744 659 149 595 1819 341 250 156 596 148 285 510 239 95
is_linear=0
shrinkage=0.01


Tree=10
num_leaves=31
num_cat=0
split_feature=13 1 1 1 0 0 0 0 1 2 1 3 0 1 13 1 0 1 1 1 0 0 0 0 1 2 1 1 1 1
split_gain=835.836 418.925 276.995 213.5 168.102 159.984 133.805 236.963 121.832 92.105 137.281 112.331 193.853 81.1672 76.6809 63.433 134.29 95.3366 47.4129 43.5978 34.4521 106.822 31.7424 30.6651 28.3816 22.5875 22.0795 39.8641 19.689 16.2778
threshold=1.9810592199809773 2547630274184.5005 2627809357362.5005 3475289721263.0005 4200832.5000000009 4202044.0000000009 4202044.0000000009 4200832.5000000009 2627809349987.0005 41.500000000000007 2627809357362.5005 56.500000000000007 4202044.0000000009 2627809350543.5005 1.9837191413668827 1955683360673.5002 4201752.0000000009 1861025336017.5002 2482915546083.0005 2547630269223.5005 4202133.0000000009 4202066.0000000009 4201877.5000000009 4200361.5000000009 2627809328619.0005 50.500000000000007 3704300935932.5005 2547630274184.5005 2627809355836.0005 1955683358685.5002
decision_type=2 2 2 2 2 2 2 2 2 2 2 2 2 2 2 2 2 2 2 2 2 2 2 2 2 2 2 2 2 2
left_child=1 15 6 -4 23 -6 7 8 -3 26 11 24 14 -14 -13 16 -1 22 -17 -20 21 -8 -18 -5 -11 -12 27 -2 -9 -19
right_child=9 2 3 4 5 -7 20 28 -10 10 25 12 13 -15 -16 18 17 29 19 -21 -22 -23 -24 -25 -26 -27 -28 -29 -30 -31
leaf_value=0.01302623048793565 -0.026689690486813546 0.013245718345796992 0.013690059274937823 -0.0044578337273843477 -0.017848670083017132 0.0058889890519820366 0.010777934283677402 -0.024102107746631591 -0.023417476393208729 -0.00045543194455003564 -0.0063519876219446329 -0.019360679489988059 0.011494725783292676 -0.02107349629749317 -0.0049402658983414881 0.013572637288046217 -0.0045089934618097686 -0.0088947719064696885 -0.0024117474402054317 0.01331763772555487 0.013106299678893735 -0.025599294442984439 0.0086043665255823992 0.014044577681458259 -0.026265863419321772 0.011280292859211663 -0.025330545571499462 0.0059177014380946422 -0.0074426970751846691 0.0081032705179512506
leaf_weight=153.33142061531544 8.2002848982810956 34.114218562841415 121.40720431506634 11.013709008693693 84.136366948485374 42.853268325328827 20.422570168972015 113.52801364660263 12.342857345938681 4.5931057035922995 9.5237183272838575 115.30249917507172 49.055912673473358 9.0666264891624433 54.212812528014183 299.65183176100254 22.563418850302696 76.579514130949974 40.041204303503036 31.471470519900322 19.45244362950325 13.348587453365324 101.48047041893005 47.979503989219666 58.807414472103119 30.637244373559952 58.969024941325188 6.9075382202863684 7.5670683383941642 6.0811289101839057
leaf_count=751 35 165 599 51 374 204 98 495 54 21 44 506 237 40 248 1478 105 351 186 155 94 58 491 234 252 147 253 32 34 28
internal_value=0 0.0040239 -0.00276228 0.00337508 -0.0033584 -0.00983828 -0.0113074 -0.0156951 0.00350493 -0.0124869 -0.0102324 -0.012624 -0.00934529 0.00641436 -0.0147489 0.00892575 0.0059352 0.00067515 0.0118266 0.00451048 0.00250543 -0.00360074 0.00621906 0.0105903 -0.024396 0.007099 -0.0225672 -0.0117811 -0.0230611 -0.00764427
internal_weight=0 1259.37 528.166 307.39 185.983 126.99 220.776 167.552 46.4571 405.276 331.199 291.038 227.638 58.1225 169.515 731.2 360.036 206.705 371.165 71.5127 53.2236 33.7712 124.044 58.9932 63.4005 40.161 74.0768 15.1078 121.095 82.6606
internal_count=7820 6005 2460 1462 863 578 998 748 219 1815 1495 1304 1031 277 754 3545 1726 975 1819 341 250 156 596 285 273 191 320 67 529 379
is_linear=0
shrinkage=0.01


Tree=11
num_leaves=31
num_cat=0
split_feature=13 1 1 1 0 0 0 0 1 2 1 1 1 0 1 2 0 13 1 1 1 0 0 0 0 1 2 1 1 1
split_gain=817.731 412.372 270.808 210.512 164.715 155.717 130.225 229.804 119.273 89.2486 133.969 95.7681 62.8939 132.726 93.4348 60.6377 177.549 59.5928 47.077 43.0196 36.5457 33.9388 104.192 31.245 30.3137 25.4033 22.2477 21.2892 38.7542 19.0129
threshold=1.9810592199809773 2547630274184.5005 2627809357362.5005 3475289721263.0005 4200832.5000000009 4202044.0000000009 4202044.0000000009 4200832.5000000009 2627809349987.0005 41.500000000000007 2627809357362.5005 2627809329220.5005 1955683360673.5002 4201752.0000000009 1861025336017.5002 54.500000000000007 4202044.0000000009 2.9391126962732588 2482915546083.0005 2547630269223.5005 1861025332111.5002 4202133.0000000009 4202066.0000000009 4201877.5000000009 4200361.5000000009 2384994539394.5005 50.500000000000007 3704300935932.5005 2547630274184.5005 2627809355836.0005
decision_type=2 2 2 2 2 2 2 2 2 2 2 2 2 2 2 2 2 2 2 2 2 2 2 2 2 2 2 2 2 2
left_child=1 12 6 -4 24 -6 7 8 -3 27 11 17 13 -1 23 16 -13 20 -14 -20 -11 22 -8 -15 -5 -19 -12 28 -2 -9
right_child=9 2 3 4 5 -7 21 29 -10 10 26 15 18 14 -16 -17 -18 25 19 -21 -22 -23 -24 -25 -26 -27 -28 -29 -30 -31
leaf_value=0.012968902511155901 -0.026250139911443152 0.013186548846481957 0.013635042197983137 -0.0044059839391946461 -0.017571434565782661 0.0058439475893022706 0.010717666920791385 -0.023698733985722517 -0.023027030365784712 -0.024778634781814097 -0.0062738623394743391 -0.022151473815230291 0.013517341249804063 -0.004456349721942989 -0.0075472208218641448 -0.023178543116166891 0.010639325315613051 0.01398982010242956 -0.0023854776841901 0.013261640258525593 -0.0071530116682502441 0.013046823092512132 -0.025164054896062753 0.0085491674774883439 0.013988171418373526 -0.0079368422033239579 0.011219433024528196 -0.024915693939024725 0.0058714582786629568 -0.0073501242378341616
leaf_weight=152.47342093288898 8.2539450675249082 33.925566285848618 120.6817429214716 11.031793341040609 84.606805413961411 42.75222647190094 20.332487165927887 114.30180141329765 12.426195174455641 13.501864463090895 9.5457777380943281 47.995583578944206 297.87775246798992 22.601477146148682 82.884810969233513 88.359306037425995 25.173261001706123 18.129391819238666 40.077155321836472 31.289229959249496 91.385247409343719 19.346242815256119 13.443187072873114 101.11616969108582 47.692683786153793 7.457157924771308 30.496110424399376 59.349418625235558 6.8923981934785834 7.5856556594371787
leaf_count=751 35 165 599 51 374 204 98 495 54 60 44 209 1478 105 379 380 121 89 186 155 411 94 58 491 234 34 147 253 32 34
internal_value=0 0.0039933 -0.00273437 0.00334851 -0.00332267 -0.0097113 -0.0111641 -0.015474 0.00347824 -0.0123232 -0.0101039 -0.012456 0.00887173 0.0058918 0.000668864 -0.017603 -0.01087 -0.00608396 0.0117696 0.0044747 -0.00942192 0.00248558 -0.00356376 0.00617324 0.0105327 0.00759933 0.00704912 -0.0222151 -0.0116331 -0.0226813
internal_weight=0 1256.45 528.126 306.765 186.084 127.359 221.361 168.239 46.3518 406.539 332.044 292.002 728.32 359.076 206.602 161.528 73.1688 130.474 369.244 71.3664 104.887 53.1219 33.7757 123.718 58.7245 25.5865 40.0419 74.4958 15.1463 121.887
internal_count=7820 6005 2460 1462 863 578 998 748 219 1815 1495 1304 3545 1726 975 710 330 594 1819 341 471 250 156 596 285 123 191 320 67 529
is_linear=0
shrinkage=0.01


Tree=12
num_leaves=31
num_cat=0
split_feature=12 1 1 1 0 0 0 0 1 12 0 1 1 1 0 1 1 12 1 1 1 1 0 0 1 0 0 1 1 1
split_gain=800.109 405.931 264.819 207.578 161.416 151.607 126.785 222.967 116.798 84.9386 178.023 88.7974 146.388 62.3635 131.187 91.5748 58.2458 80.7747 88.8538 48.2592 46.7474 42.4514 33.4352 101.665 30.9464 30.7558 29.9686 22.0801 21.7194 59.8159
threshold=1.9624772206723649 2547630274184.5005 2627809357362.5005 3475289721263.0005 4200832.5000000009 4202044.0000000009 4202044.0000000009 4200832.5000000009 2627809349987.0005 1.9709841250782696 4202044.0000000009 2627809328197.5005 1861025335364.5002 1955683360673.5002 4201752.0000000009 1861025336017.5002 2627809358352.5005 1.9677033768039414 1955683350704.5002 4092079269933.5005 2482915546083.0005 2547630269223.5005 4202133.0000000009 4202066.0000000009 2384994539394.5005 4201877.5000000009 4200361.5000000009 2627809327124.5005 2627809349597.5005 2627809356877.5005
decision_type=2 2 2 2 2 2 2 2 2 2 2 2 2 2 2 2 2 2 2 2 2 2 2 2 2 2 2 2 2 2
left_child=1 13 6 -4 26 -6 7 8 -3 10 16 12 -11 14 -1 25 17 27 -19 -13 -15 -22 23 -8 -14 -16 -5 -2 -12 -30
right_child=9 2 3 4 5 -7 22 -9 -10 11 28 19 24 20 15 -17 -18 18 -20 -21 21 -23 -24 -25 -26 -27 -28 -29 29 -31
leaf_value=0.012912394190771299 -0.013135835627382188 0.013128261906021744 0.013580942578283836 -0.0043548582767723729 -0.017302458316987561 0.0057992288301349096 0.010657983431157037 -0.022315677846183605 -0.022651251087341097 -0.026427869689455159 0.014116299714218898 -0.022501080171308446 0.013644198028458022 0.01346294183981047 -0.0044044445710311551 -0.0074518141944968624 0.0042367335855741433 0.0098031795656194232 -0.026398419755362789 0.0056082831602480374 -0.0023595229837023476 0.013206498090762374 0.012988209396482873 -0.024746563602427895 -0.0098863920360758896 0.0084943833208366779 0.013932773740328305 -0.022092761383126255 -0.021597254710723008 0.013988717449027648
leaf_weight=151.61359186470509 44.072011724114418 33.736376345157623 119.95449835062027 11.049603387713431 85.060530841350555 42.651580065488815 20.242336079478264 122.641557097435 12.505614310503004 20.611835777759552 29.736070811748505 132.35623073577881 23.382331743836406 296.09948725998402 22.638958811759949 83.10541658103466 17.866181254386902 22.889810800552368 9.6331465989351255 6.4031923860311499 40.112646624445915 31.106591194868088 19.239748358726501 13.53282471001148 7.3447632789611808 100.75245927274227 47.404932022094727 73.291791379451752 7.5475932806730297 12.623493537306784
leaf_count=751 193 165 599 51 374 204 98 529 54 89 144 566 114 1478 105 379 85 106 43 29 186 155 94 58 34 491 234 317 33 62
internal_value=0 0.00396319 -0.00270711 0.00332237 -0.00328763 -0.00958727 -0.0110251 -0.0152602 0.0034521 -0.012163 -0.00789769 -0.0170467 -0.00581054 0.00881831 0.00584883 0.000662634 -0.0128305 -0.0148649 -0.000919563 -0.0212039 0.0117133 0.00443928 0.00246613 -0.00352769 0.00801963 0.0061278 0.0104759 -0.0187293 0.00868297 0.000673201
internal_weight=0 1253.45 528.02 306.121 186.167 127.712 221.898 168.884 46.242 407.758 217.66 190.098 51.3389 725.429 358.11 206.497 167.753 149.887 32.523 138.759 367.319 71.2192 53.0149 33.7752 30.7271 123.391 58.4545 117.364 49.9072 20.1711
internal_count=7820 6005 2460 1462 863 578 998 748 219 1815 983 832 237 3545 1726 975 744 659 149 595 1819 341 250 156 148 596 285 510 239 95
is_linear=0
shrinkage=0.01


Tree=13
num_leaves=31
num_cat=0
split_feature=13 1 1 1 0 0 0 0 1 2 1 3 0 1 13 1 0 1 1 1 0 0 0 0 1 2 1 1 1 1
split_gain=783.028 399.601 259.01 204.696 158.201 147.644 123.471 216.414 114.403 83.9508 128.289 103.307 180.336 76.7733 71.1156 61.8408 129.671 89.7553 46.4239 41.8927 32.9409 99.2328 30.2747 29.6298 26.4443 21.9094 20.6421 37.3691 18.3155 15.823
threshold=1.9810592199809773 2547630274184.5005 2627809357362.5005 3475289721263.0005 4200832.5000000009 4202044.0000000009 4202044.0000000009 4200832.5000000009 2627809349987.0005 41.500000000000007 2627809357362.5005 56.500000000000007 4202044.0000000009 2627809350543.5005 1.9837191413668827 1955683360673.5002 4201752.0000000009 1861025336017.5002 2482915546083.0005 2547630269223.5005 4202133.0000000009 4202066.0000000009 4201877.5000000009 4200361.5000000009 2627809328619.0005 50.500000000000007 3704300935932.5005 2547630274184.5005 2627809355836.0005 1955683358685.5002
decision_type=2 2 2 2 2 2 2 2 2 2 2 2 2 2 2 2 2 2 2 2 2 2 2 2 2 2 2 2 2 2
left_child=1 15 6 -4 23 -6 7 8 -3 26 11 24 14 -14 -13 16 -1 22 -17 -20 21 -8 -18 -5 -11 -12 27 -2 -9 -19
right_child=9 2 3 4 5 -7 20 28 -10 10 25 12 13 -15 -16 18 17 29 19 -21 -22 -23 -24 -25 -26 -27 -28 -29 -30 -31
leaf_value=0.012856685543276035 -0.025416274198322451 0.013070836275900681 0.01352773811131907 -0.0043044423116953548 -0.017041352265373056 0.0057548300205461575 0.010598870507342673 -0.022953475688026598 -0.022289297953514413 -0.00027512095727482252 -0.0062212941345387521 -0.018529471956747152 0.011341686276363519 -0.02013952428867332 -0.0047054028469084687 0.013409416683716239 -0.0043532656713027315 -0.0085824262529863114 -0.0023338782121751635 0.013152190901847502 0.012930435596293019 -0.024345745735305308 0.0084400064584774816 0.013878361101322257 -0.025105460305738708 0.011142564357866026 -0.024189618699488269 0.0059922564113350108 -0.0069851331580479742 0.0081520065647769941
leaf_weight=150.75215835869312 8.352632135152815 33.546700432896614 119.22567144036293 11.067143082618712 85.497953668236732 42.551336571574211 20.152134224772453 115.70734292268753 12.581217274069784 4.6203263998031607 9.5590766370296461 117.08023272454739 48.430795356631279 9.2215167433023435 54.551621168851852 294.31751953065395 22.675873965024948 77.22548995912075 40.147686377167702 30.923602059483528 19.132991075515747 13.617633193731306 100.38939338922501 47.116331726312637 59.831005424261093 30.30213688313961 59.995513200759888 6.9317249059677115 7.6583120524883261 6.096277803182601
leaf_count=751 35 165 599 51 374 204 98 495 54 21 44 506 237 40 248 1478 105 351 186 155 94 58 491 234 252 147 253 32 34 28
internal_value=0 0.00393353 -0.00268043 0.00329665 -0.00325327 -0.00946608 -0.0108899 -0.0150526 0.00342649 -0.0120079 -0.00985542 -0.0121399 -0.00899562 0.00630625 -0.0141356 0.00876547 0.00580631 0.000656475 0.0116578 0.00440422 0.00244706 -0.00349252 0.00608273 0.0104198 -0.0233254 0.00697856 -0.0215466 -0.011172 -0.0219622 -0.00735804
internal_weight=0 1250.38 527.855 305.458 186.233 128.049 222.396 169.494 46.1279 408.877 333.597 293.735 229.284 57.6523 171.632 722.528 357.139 206.387 365.389 71.0713 52.9028 33.7698 123.065 58.1835 64.4513 39.8612 75.2799 15.2844 123.366 83.3218
internal_count=7820 6005 2460 1462 863 578 998 748 219 1815 1495 1304 1031 277 754 3545 1726 975 1819 341 250 156 596 285 273 191 320 67 529 379
is_linear=0
shrinkage=0.01


Tree=14
num_leaves=31
num_cat=0
split_feature=12 1 1 1 0 0 0 0 1 2 1 3 0 1 12 1 0 1 1 1 0 0 0 0 1 2 1 1 1 1
split_gain=766.445 393.379 253.388 201.865 155.068 143.822 120.289 210.161 112.083 81.506 125.277 100.294 175.896 75.2682 69.0335 61.3249 128.178 87.9758 46.1065 41.3436 32.4557 96.8913 29.8014 29.2971 25.6439 21.5813 19.949 36.3871 17.7329 15.5105
threshold=1.9624772206723649 2547630274184.5005 2627809357362.5005 3475289721263.0005 4200832.5000000009 4202044.0000000009 4202044.0000000009 4200832.5000000009 2627809349987.0005 41.500000000000007 2627809357362.5005 56.500000000000007 4202044.0000000009 2627809350543.5005 1.9677033768039414 1955683360673.5002 4201752.0000000009 1861025336017.5002 2482915546083.0005 2547630269223.5005 4202133.0000000009 4202066.0000000009 4201877.5000000009 4200361.5000000009 2627809328619.0005 50.500000000000007 3704300935932.5005 2547630274184.5005 2627809355836.0005 1955683357667.0002
decision_type=2 2 2 2 2 2 2 2 2 2 2 2 2 2 2 2 2 2 2 2 2 2 2 2 2 2 2 2 2 2
left_child=1 15 6 -4 23 -6 7 8 -3 26 11 24 14 -14 -13 16 -1 22 -17 -20 21 -8 -18 -5 -11 -12 27 -2 -9 -19
right_child=9 2 3 4 5 -7 20 28 -10 10 25 12 13 -15 -16 18 17 29 19 -21 -22 -23 -24 -25 -26 -27 -28 -29 -30 -31
leaf_value=0.012801756761938881 -0.025029386148378699 0.013014248418463563 0.013475406849955051 -0.0042547228417821386 -0.0167877499686367 0.0057107478121479916 0.010540314040352501 -0.022593505220562058 -0.021940398476555645 -0.00027234395000570727 -0.0061452532331978784 -0.018252816511944079 0.01128325846231824 -0.019827937330577007 -0.0046508265591164487 0.013356746095698611 -0.0043027988836669938 -0.0088381069979146885 -0.0023085402612610085 0.013098698548272397 0.012873480882649811 -0.023960612633098007 0.008386029186472372 0.013824909655181657 -0.024718178156604279 0.011083132004099475 -0.023819726019899515 0.0059454488040859947 -0.0069000977735161782 0.0045448339432868608
leaf_weight=149.88933217525482 8.3966980427503568 33.356592640280724 118.49545699357986 11.084417715668677 85.91947939991951 42.451505482196808 20.061901807785034 116.37194304168224 12.653106108307837 4.6207647919654837 9.5804777145385724 117.66328249871731 48.195945337414742 9.2725042402744275 54.639412581920624 292.53229594230652 22.71223284304142 73.719594597816467 40.18228106200695 30.740308791399002 19.025998473167419 13.697742223739622 100.02702520787716 46.826966404914856 60.15906810760498 30.160693898797035 60.316261604428291 6.9165112078189841 7.6750793755054465 9.8128691017627698
leaf_count=751 35 165 599 51 374 204 98 495 54 21 44 506 237 40 248 1478 105 334 186 155 94 58 491 234 252 147 253 32 34 45
internal_value=0 0.00390438 -0.00265437 0.00327132 -0.00321956 -0.00934763 -0.0107589 -0.0148522 0.00340139 -0.0118571 -0.00973619 -0.0119848 -0.00888646 0.00626348 -0.0139394 0.00871323 0.00576426 0.000650402 0.011603 0.00436949 0.00242837 -0.0034582 0.00603803 0.0103644 -0.0229744 0.00692985 -0.0212319 -0.011039 -0.0216225 -0.00726596
internal_weight=0 1247.24 527.62 304.778 186.282 128.371 222.842 170.057 46.0097 409.922 334.292 294.551 229.771 57.4684 172.303 719.616 356.161 206.272 363.455 70.9226 52.7856 33.7596 122.739 57.9114 64.7798 39.7412 75.6295 15.3132 124.047 83.5325
internal_count=7820 6005 2460 1462 863 578 998 748 219 1815 1495 1304 1031 277 754 3545 1726 975 1819 341 250 156 596 285 273 191 320 67 529 379
is_linear=0
shrinkage=0.01


Tree=15
num_leaves=31
num_cat=0
split_feature=13 1 1 1 0 0 0 0 1 2 1 3 0 1 1 1 0 1 1 1 0 0 0 0 1 2 1 1 1 1
split_gain=750.333 387.264 247.938 199.084 152.014 140.133 117.227 204.174 109.835 79.1815 122.362 97.4324 171.598 73.8051 67.6235 60.8163 126.707 86.235 45.7949 40.8036 31.9794 94.6351 29.3358 28.9702 24.8862 21.2588 19.293 35.4469 17.1831 15.1909
threshold=1.9810592199809773 2547630274184.5005 2627809357362.5005 3475289721263.0005 4200832.5000000009 4202044.0000000009 4202044.0000000009 4200832.5000000009 2627809349987.0005 41.500000000000007 2627809357362.5005 56.500000000000007 4202044.0000000009 2627809350543.5005 2627809327124.5005 1955683360673.5002 4201752.0000000009 1861025336017.5002 2482915546083.0005 2547630269223.5005 4202133.0000000009 4202066.0000000009 4201877.5000000009 4200361.5000000009 2627809328619.0005 50.500000000000007 3704300935932.5005 2547630274184.5005 2627809355836.0005 1955683358685.5002
decision_type=2 2 2 2 2 2 2 2 2 2 2 2 2 2 2 2 2 2 2 2 2 2 2 2 2 2 2 2 2 2
left_child=1 15 6 -4 23 -6 7 8 -3 26 11 24 14 -14 -13 16 -1 22 -17 -20 21 -8 -18 -5 -11 -12 27 -2 -9 -19
right_child=9 2 3 4 5 -7 20 28 -10 10 25 12 13 -15 -16 18 17 29 19 -21 -22 -23 -24 -25 -26 -27 -28 -29 -30 -31
leaf_value=0.01274758821138376 -0.0246578803503343 0.012958480222860856 0.013423928884559386 -0.0042056876221737627 -0.016541306679543802 0.0056669777213848608 0.010482300051277451 -0.022246596884136282 -0.021603832623833922 -0.00026959456015756102 -0.0060704094269779683 -0.0082986460326099597 0.011225435314346208 -0.019526449038473507 -0.020923171751683782 0.013304908649385999 -0.0042530308479287061 -0.0083659961463409989 -0.002283504034084317 0.013046000438954042 0.012817325278031911 -0.023590250775464016 0.0083324440324787658 0.013772396198166224 -0.024346121780558849 0.01102429966818849 -0.023463835813246049 0.0058989957840535684 -0.0068164289123567451 0.0080623068605673396
leaf_weight=149.02532868087292 8.4377639442682248 33.166099831461906 117.76403130590916 11.101431846618651 86.325500845909119 42.352093756198883 19.971657797694206 117.00153563916683 12.721377268433569 4.6211986839771262 9.6015055924653989 98.291488513350487 47.960946574807167 9.321266442537306 74.656326532363892 290.74428229033947 22.748044103384018 77.670224159955978 40.21643491089344 30.556757122278214 18.918800324201584 13.77327987551689 99.665404036641121 46.536913990974426 60.466056004166603 30.019144371151924 60.617261290550232 6.9013434797525397 7.6915119737386695 6.0683168619871131
leaf_count=751 35 165 599 51 374 204 98 495 54 21 44 436 237 40 318 1478 105 351 186 155 94 58 491 234 252 147 253 32 34 28
internal_value=0 0.00387568 -0.00262889 0.00324639 -0.00318648 -0.00923182 -0.0106316 -0.014658 0.00337678 -0.0117104 -0.00961989 -0.0118338 -0.00877975 0.00622133 -0.0137483 0.00866156 0.00572266 0.000644399 0.0115489 0.0043351 0.00241005 -0.0034247 0.00599369 0.0103097 -0.0226367 0.00688164 -0.0209286 -0.0109098 -0.0212948 -0.00717548
internal_weight=0 1244.02 527.324 304.08 186.316 128.678 223.244 170.581 45.8875 410.894 334.938 295.317 230.23 57.2822 172.948 716.695 355.177 206.152 361.517 70.7732 52.6637 33.7449 122.413 57.6383 65.0873 39.6206 75.9564 15.3391 124.693 83.7385
internal_count=7820 6005 2460 1462 863 578 998 748 219 1815 1495 1304 1031 277 754 3545 1726 975 1819 341 250 156 596 285 273 191 320 67 529 379
is_linear=0
shrinkage=0.01


end of trees

feature_importances:
Column_1=254
Column_0=142
Column_2=33
Column_12=25
Column_3=13
Column_13=13

parameters:
[boosting: gbdt]
[objective: binary]
[metric: l2]
[tree_learner: serial]
[device_type: cpu]
[data_sample_strategy: bagging]
[data: ]
[valid: ]
[num_iterations: 8000]
[learning_rate: 0.01]
[num_leaves: 31]
[num_threads: 0]
[seed: 0]
[deterministic: 0]
[force_col_wise: 0]
[force_row_wise: 0]
[histogram_pool_size: -1]
[max_depth: 6]
[min_data_in_leaf: 20]
[min_sum_hessian_in_leaf: 0.001]
[bagging_fraction: 0.8]
[pos_bagging_fraction: 1]
[neg_bagging_fraction: 1]
[bagging_freq: 0]
[bagging_seed: 3]
[feature_fraction: 0.8]
[feature_fraction_bynode: 1]
[feature_fraction_seed: 2]
[extra_trees: 0]
[extra_seed: 6]
[early_stopping_round: 0]
[early_stopping_min_delta: 0]
[first_metric_only: 0]
[max_delta_step: 0]
[lambda_l1: 0]
[lambda_l2: 0]
[linear_lambda: 0]
[min_gain_to_split: 0]
[drop_rate: 0.1]
[max_drop: 50]
[skip_drop: 0.5]
[xgboost_dart_mode: 0]
[uniform_drop: 0]
[drop_seed: 4]
[top_rate: 0.2]
[other_rate: 0.1]
[min_data_per_group: 100]
[max_cat_threshold: 32]
[cat_l2: 10]
[cat_smooth: 10]
[max_cat_to_onehot: 4]
[top_k: 20]
[monotone_constraints: ]
[monotone_constraints_method: basic]
[monotone_penalty: 0]
[feature_contri: ]
[forcedsplits_filename: ]
[refit_decay_rate: 0.9]
[cegb_tradeoff: 1]
[cegb_penalty_split: 0]
[cegb_penalty_feature_lazy: ]
[cegb_penalty_feature_coupled: ]
[path_smooth: 0]
[interaction_constraints: ]
[verbosity: 1]
[saved_feature_importance_type: 0]
[use_quantized_grad: 0]
[num_grad_quant_bins: 4]
[quant_train_renew_leaf: 0]
[stochastic_rounding: 1]
[linear_tree: 0]
[max_bin: 255]
[max_bin_by_feature: ]
[min_data_in_bin: 3]
[bin_construct_sample_cnt: 200000]
[data_random_seed: 1]
[is_enable_sparse: 1]
[enable_bundle: 1]
[use_missing: 1]
[zero_as_missing: 0]
[feature_pre_filter: 1]
[pre_partition: 0]
[two_round: 0]
[header: 0]
[label_column: ]
[weight_column: ]
[group_column: ]
[ignore_column: ]
[categorical_feature: ]
[forcedbins_filename: ]
[precise_float_parser: 0]
[parser_config_file: ]
[objective_seed: 5]
[num_class: 1]
[is_unbalance: 0]
[scale_pos_weight: 1]
[sigmoid: 1]
[boost_from_average: 1]
[reg_sqrt: 0]
[alpha: 0.9]
[fair_c: 1]
[poisson_max_delta_step: 0.7]
[tweedie_variance_power: 1.5]
[lambdarank_truncation_level: 30]
[lambdarank_norm: 1]
[label_gain: ]
[lambdarank_position_bias_regularization: 0]
[eval_at: ]
[multi_error_top_k: 1]
[auc_mu_weights: ]
[num_machines: 1]
[local_listen_port: 12400]
[time_out: 120]
[machine_list_filename: ]
[machines: ]
[gpu_platform_id: -1]
[gpu_device_id: -1]
[gpu_use_dp: 0]
[num_gpu: 1]

end of parameters

pandas_categorical:null
