tree
version=v4
num_class=1
num_tree_per_iteration=1
label_index=0
max_feature_idx=21
objective=binary sigmoid:1
feature_names=Column_0 Column_1 Column_2 Column_3 Column_4 Column_5 Column_6 Column_7 Column_8 Column_9 Column_10 Column_11 Column_12 Column_13 Column_14 Column_15 Column_16 Column_17 Column_18 Column_19 Column_20 Column_21
feature_infos=[0:4208577] [12046471174:4384930237344] [3:inf] [4:inf] none none none none none none none none [1:3.95640262984986] [1:3.978101340188847] [1:3.989025551767889] [1:3.994506480651737] [1:3.997251664557087] [1:3.9986254380909809] [1:3.9993126204679119] [1:3.9996562855857238] [1:3.9998281366303239] [1:3.9999140667744681]
tree_sizes=3309 3388

Tree=0
num_leaves=31
num_cat=0
split_feature=12 1 1 1 1 1 1 1 1 1 1 1 1 1 1 1 1 1 1 12 1 1 1 1 1 1 1 1 1 1
split_gain=73.538 52.8473 24.2651 27.9134 37.437 13.3935 12.3809 49.701 16.1315 11.7631 10.1974 8.64727 5.0674 14.7836 8.7579 9.60588 4.41341 3.86094 3.72211 3.2774 2.44699 2.01822 1.66745 1.96161 1.26313 0.600463 0.533745 0.480371 0.402609 0.33171
threshold=1.4849993394433063 1514623724236.5002 2777491176212.0005 2946978532006.0005 3704300937880.5005 3704300966672.0005 1130691728170.5002 871682467921.00012 702778666549.00012 2777491180161.5005 2777491178279.5005 251391425474.00003 1861025319902.5002 1732735414392.0002 1955683366884.5002 2364719646809.5005 1514623717903.5002 702778669898.00012 3704300934221.5005 1.9976337059702953 1861025321417.0002 1514623714391.5002 702778652346.00012 702778678359.50012 2883033186340.5005 1514623711338.5002 1837832573449.0002 996719497525.50012 702778664584.50012 3704300942187.0005
decision_type=2 2 2 2 2 2 2 2 2 2 2 2 2 2 2 2 2 2 2 2 2 2 2 2 2 2 2 2 2 2
left_child=1 6 12 9 18 -6 7 8 11 10 -4 -1 13 -3 20 -16 21 -10 -5 22 -14 25 -2 28 -11 -8 -15 -9 -24 -25
right_child=19 2 3 4 5 -7 16 27 17 24 -12 -13 14 26 15 -17 -18 -19 -20 -21 -22 -23 23 29 -26 -27 -28 -29 -30 -31
leaf_value=0.050805491034103367 0.039212200379163016 0.060160694690020493 0.045376800929346178 0.067556877643068447 0.053942617254540942 0.062784567963236407 0.048342051826902627 0.075029309904910718 0.043167991587288811 0.045738416892462816 0.06106504695711578 0.055755179070793762 0.051010777634703436 0.075029309904910704 0.073027765549060097 0.062092498824412888 0.055013866346404643 0.049577573034217816 0.06188483950827986 0.05018255238400663 0.058690172306130252 0.039001511499599795 0.045006144567151615 0.040836260492462854 0.040335874403500199 0.044338963115201413 0.071026221193209491 0.071026221193209491 0.048342051826902627 0.043576470027258327
leaf_weight=48.7123853713274 9.4926699697971326 17.486497312784195 6.744791820645335 37.471065670251846 88.681522086262703 21.23360387980938 7.4942131340503746 7.4942131340503675 12.240548118948935 10.242091283202173 10.741705492138861 128.15104459226131 4.9961420893669155 9.9922841787338239 9.9922841787338239 40.968365132808685 4.996142089366912 40.468750923871994 16.737075999379158 7.2444060295820227 24.481096237897873 4.996142089366912 6.9945989251136762 11.990741014480593 7.4942131340503684 7.4942131340503693 4.996142089366912 4.9961420893669128 7.4942131340503693 6.9945989251136771
leaf_count=195 38 70 27 150 355 85 30 30 49 41 43 513 20 40 40 164 20 162 67 29 98 20 28 48 30 30 20 20 30 28
internal_value=0.0555699 0.0565761 0.0593692 0.0572712 0.0590048 0.0556507 0.05331 0.0540017 0.0529448 0.0491938 0.0550139 0.0543919 0.0630732 0.0664073 0.0617271 0.0642367 0.0466074 0.0480891 0.0658056 0.0439606 0.0573886 0.0445058 0.0429115 0.0439606 0.0434557 0.0463405 0.0736949 0.0734281 0.0467316 0.0418458
internal_weight=0 579.303 312.259 199.346 164.123 109.915 267.044 242.063 229.573 35.2228 17.4865 176.863 112.913 32.4749 80.4379 50.9606 24.9807 52.7093 54.2081 50.2112 29.4772 19.9846 42.9668 33.4742 17.7363 14.9884 14.9884 12.4904 14.4888 18.9853
internal_count=2520 2319 1250 798 657 440 1069 969 919 141 70 708 452 130 322 204 100 211 217 201 118 80 172 134 71 60 60 50 58 76
is_linear=0
shrinkage=1


Tree=1
num_leaves=31
num_cat=0
split_feature=13 1 1 1 1 1 1 1 1 1 1 1 1 1 1 1 1 1 1 13 1 1 1 1 1 1 1 1 2 1
split_gain=72.0558 51.8002 23.7916 27.3574 36.7075 13.1292 12.1306 48.7338 15.8059 11.5235 9.99316 8.47388 4.97055 14.5055 8.58803 9.42491 4.32337 3.78175 3.65136 3.20992 2.39833 1.97641 1.63278 1.92105 1.23695 0.588122 0.524104 0.471689 0.399913 0.324815
threshold=1.4924425547428382 1514623724236.5002 2777491176212.0005 2946978532006.0005 3704300937880.5005 3704300966672.0005 1130691728170.5002 871682467921.00012 702778666549.00012 2777491180161.5005 2777491178279.5005 251391425474.00003 1861025319902.5002 1732735414392.0002 1955683366884.5002 2364719646809.5005 1514623717903.5002 702778669898.00012 3704300934221.5005 1.9988161379357214 1861025321417.0002 1514623714391.5002 702778652346.00012 702778678359.50012 2883033186340.5005 1514623711338.5002 1837832573449.0002 996719497525.50012 11.500000000000002 3704300942187.0005
decision_type=2 2 2 2 2 2 2 2 2 2 2 2 2 2 2 2 2 2 2 2 2 2 2 2 2 2 2 2 2 2
left_child=1 6 12 9 18 -6 7 8 11 10 -4 -1 13 -3 20 -16 21 -10 -5 22 -14 25 -2 28 -11 -8 -15 -9 -24 -25
right_child=19 2 3 4 5 -7 16 27 17 24 -12 -13 14 26 15 -17 -18 -19 -20 -21 -22 -23 23 29 -26 -27 -28 -29 -30 -31
leaf_value=-0.0047161163101098668 -0.016187766376504011 0.0045455423334597386 -0.010088510250477419 0.011871556245955187 -0.0016108895138315124 0.007144102440436435 -0.0071541716599816717 0.019277163088327085 -0.012274065027020338 -0.0097306836536444809 0.0054411197764356401 0.00018347554392016799 -0.0045129313211311204 0.019277163088327082 0.017293083078486985 0.0064586670213021627 -0.00055041633143503954 -0.0059314166050614603 0.0062530038112154265 -0.0053326625357013446 0.0030893943997319239 -0.016396197852486562 -0.01095288814876034 -0.014581049523647782 -0.015076101054433586 -0.011115445531458603 0.015309327393199184 0.015309327393199181 -0.0074963946633580811 -0.011869900201199853
leaf_weight=48.718554228544235 9.4963494241237623 17.48417541384697 6.7465266734361675 37.457245588302612 88.68546836078167 21.229071989655495 7.4956199526786857 7.4894548952579481 12.244294553995131 10.244641378521921 10.739984437823294 128.15037953853607 4.996748864650729 9.9859398603439313 9.9866789579391462 40.960505902767181 4.9962186813354483 40.475123852491379 16.733973041176796 7.2454375326633444 24.478914529085159 4.9980992078781119 5.2470895349979392 11.994998931884767 7.4969503283500663 7.4963150918483734 4.9936994910240164 4.9936994910240173 9.2449868619441968 6.9966779947280875
leaf_count=195 38 70 27 150 355 85 30 30 49 41 43 513 20 40 40 164 20 162 67 29 98 20 21 48 30 30 20 20 37 28
internal_value=0 0.000996226 0.00376185 0.00168449 0.00340094 8.00638e-05 -0.0022371 -0.00155238 -0.00259862 -0.00631135 -0.000550416 -0.00116612 0.00743003 0.0107327 0.00609685 0.00858243 -0.00887086 -0.00740452 0.0101366 -0.0114899 0.00180064 -0.0109504 -0.0125279 -0.0114899 -0.0119895 -0.0091349 0.0179544 0.0176899 -0.00874787 -0.0135822
internal_weight=0 579.278 312.221 199.334 164.106 109.915 267.058 242.072 229.588 35.2281 17.4865 176.869 112.887 32.4638 80.4228 50.9472 24.9863 52.7194 54.1912 50.2255 29.4757 19.99 42.9801 33.4838 17.7416 14.9919 14.9796 12.4832 14.4921 18.9917
internal_count=2520 2319 1250 798 657 440 1069 969 919 141 70 708 452 130 322 204 100 211 217 201 118 80 172 134 71 60 60 50 58 76
is_linear=0
shrinkage=0.01


end of trees

feature_importances:
Column_1=55
Column_12=2
Column_13=2
Column_2=1

parameters:
[boosting: gbdt]
[objective: binary]
[metric: l2]
[tree_learner: serial]
[device_type: cpu]
[data_sample_strategy: bagging]
[data: ]
[valid: ]
[num_iterations: 8000]
[learning_rate: 0.01]
[num_leaves: 31]
[num_threads: 0]
[seed: 0]
[deterministic: 0]
[force_col_wise: 0]
[force_row_wise: 0]
[histogram_pool_size: -1]
[max_depth: 6]
[min_data_in_leaf: 20]
[min_sum_hessian_in_leaf: 0.001]
[bagging_fraction: 0.8]
[pos_bagging_fraction: 1]
[neg_bagging_fraction: 1]
[bagging_freq: 0]
[bagging_seed: 3]
[feature_fraction: 0.8]
[feature_fraction_bynode: 1]
[feature_fraction_seed: 2]
[extra_trees: 0]
[extra_seed: 6]
[early_stopping_round: 0]
[early_stopping_min_delta: 0]
[first_metric_only: 0]
[max_delta_step: 0]
[lambda_l1: 0]
[lambda_l2: 0]
[linear_lambda: 0]
[min_gain_to_split: 0]
[drop_rate: 0.1]
[max_drop: 50]
[skip_drop: 0.5]
[xgboost_dart_mode: 0]
[uniform_drop: 0]
[drop_seed: 4]
[top_rate: 0.2]
[other_rate: 0.1]
[min_data_per_group: 100]
[max_cat_threshold: 32]
[cat_l2: 10]
[cat_smooth: 10]
[max_cat_to_onehot: 4]
[top_k: 20]
[monotone_constraints: ]
[monotone_constraints_method: basic]
[monotone_penalty: 0]
[feature_contri: ]
[forcedsplits_filename: ]
[refit_decay_rate: 0.9]
[cegb_tradeoff: 1]
[cegb_penalty_split: 0]
[cegb_penalty_feature_lazy: ]
[cegb_penalty_feature_coupled: ]
[path_smooth: 0]
[interaction_constraints: ]
[verbosity: 1]
[saved_feature_importance_type: 0]
[use_quantized_grad: 0]
[num_grad_quant_bins: 4]
[quant_train_renew_leaf: 0]
[stochastic_rounding: 1]
[linear_tree: 0]
[max_bin: 255]
[max_bin_by_feature: ]
[min_data_in_bin: 3]
[bin_construct_sample_cnt: 200000]
[data_random_seed: 1]
[is_enable_sparse: 1]
[enable_bundle: 1]
[use_missing: 1]
[zero_as_missing: 0]
[feature_pre_filter: 1]
[pre_partition: 0]
[two_round: 0]
[header: 0]
[label_column: ]
[weight_column: ]
[group_column: ]
[ignore_column: ]
[categorical_feature: ]
[forcedbins_filename: ]
[precise_float_parser: 0]
[parser_config_file: ]
[objective_seed: 5]
[num_class: 1]
[is_unbalance: 0]
[scale_pos_weight: 1]
[sigmoid: 1]
[boost_from_average: 1]
[reg_sqrt: 0]
[alpha: 0.9]
[fair_c: 1]
[poisson_max_delta_step: 0.7]
[tweedie_variance_power: 1.5]
[lambdarank_truncation_level: 30]
[lambdarank_norm: 1]
[label_gain: ]
[lambdarank_position_bias_regularization: 0]
[eval_at: ]
[multi_error_top_k: 1]
[auc_mu_weights: ]
[num_machines: 1]
[local_listen_port: 12400]
[time_out: 120]
[machine_list_filename: ]
[machines: ]
[gpu_platform_id: -1]
[gpu_device_id: -1]
[gpu_use_dp: 0]
[num_gpu: 1]

end of parameters

pandas_categorical:null
