tree
version=v4
num_class=1
num_tree_per_iteration=1
label_index=0
max_feature_idx=21
objective=binary sigmoid:1
feature_names=Column_0 Column_1 Column_2 Column_3 Column_4 Column_5 Column_6 Column_7 Column_8 Column_9 Column_10 Column_11 Column_12 Column_13 Column_14 Column_15 Column_16 Column_17 Column_18 Column_19 Column_20 Column_21
feature_infos=[0:4208577] [12046471174:4384930237344] [3:inf] [4:inf] none none none none none none none none [1:3.95640262984986] [1:3.978101340188847] [1:3.989025551767889] [1:3.994506480651737] [1:3.997251664557087] [1:3.9986254380909809] [1:3.9993126204679119] [1:3.9996562855857238] [1:3.9998281366303239] [1:3.9999140667744681]
tree_sizes=3253 3388 3384 3378 3381 3385 3381 3378 2024 3390 3385 3391 3385 3380 3394 3389 3375 3397 3388 3398 3395 3394 3386 3386 3396

Tree=0
num_leaves=31
num_cat=0
split_feature=12 1 1 1 1 1 1 1 1 1 1 1 1 1 1 1 1 1 1 1 1 12 12 1 1 1 12 1 1 1
split_gain=113.684 67.9164 33.2705 28.4506 16.404 23.1071 18.9922 13.9419 60.3341 13.2929 12.3899 7.85075 7.29345 27.8518 6.68119 4.96941 4.76157 4.74701 2.93277 2.78704 2.4557 2.09144 2.63592 1.33328 1.27252 1.62755 1.18028 1.12663 0.54081 0.33887
threshold=1.482706697746907 1514623717848.0002 3704300937771.0005 1514623710916.5002 871682468758.00012 702778666549.00012 1130691726105.5002 2946978532227.5005 2777491176212.0005 2860804091963.5005 702778652563.00012 251391424969.00003 3704300964478.0005 3704300959894.0005 3985955690245.0005 702778669840.00012 3704300939284.5005 3771587233452.0005 1646869332713.5002 4187424688887.0005 1514623714064.0002 1.9976337059702953 1.9929177889658176 3333170045503.0005 3704300945881.0005 3704300935508.0005 1.9868872088523377 2986784370271.0005 3704300934260.5005 702778676452.50012
decision_type=2 2 2 2 2 2 2 2 2 2 2 2 2 2 2 2 2 2 2 2 2 2 2 2 2 2 2 2 2 2
left_child=1 3 7 4 5 11 -6 8 18 -10 26 -1 13 16 17 -7 -4 -14 -3 -16 -5 22 24 27 25 -12 -2 -9 -25 -24
right_child=10 2 12 20 6 15 -8 23 9 -11 21 -13 14 -15 19 -17 -18 -19 -20 -21 -22 -23 29 28 -26 -27 -28 -29 -30 -31
leaf_value=0.25281345054420795 0.23412424640259188 0.26123386120141956 0.24937340472693245 0.23760976830529831 0.27224714221344332 0.24393979658837434 0.25271369655035947 0.26739513729206221 0.25357244832349002 0.23905326727510601 0.2482212460979823 0.25743762189680613 0.26055612083144886 0.2435083438329553 0.25357244832349002 0.25077050110362642 0.25871853611699225 0.27097637901974825 0.26530030342124372 0.26258934194136097 0.24598470287707899 0.25155185591612395 0.24429035195215226 0.26725822004560351 0.25242323639180059 0.24186985063082836 0.23947482827078156 0.27232415816457634 0.26502920727325546 0.2409016501022988
leaf_weight=48.691213399171829 7.377456575632098 20.656878411769867 5.9019652605056754 8.6070326715707761 11.803930521011354 14.263082712888716 8.6070326715707761 10.820269644260408 28.280250206589699 8.1152022331953031 18.443641439080245 149.27053804695606 9.8366087675094622 15.984489247202871 11.312100082635881 42.051502481102943 71.561328783631325 7.8692870140075675 125.41676178574562 4.9183043837547293 5.9019652605056754 8.6070326715707761 4.9183043837547284 26.558843672275543 4.9183043837547293 5.1642196029424658 9.3447783291339857 8.1152022331953031 18.443641439080238 7.3774565756320953
leaf_count=198 30 84 24 35 48 58 35 44 115 33 75 607 40 65 46 171 291 32 510 20 24 35 20 108 20 21 38 33 75 30
internal_value=0.257055 0.258303 0.261118 0.254664 0.255385 0.254692 0.26401 0.263263 0.261855 0.250335 0.244555 0.2563 0.256969 0.255527 0.260939 0.24904 0.258007 0.265187 0.264725 0.256305 0.241017 0.247072 0.246128 0.267281 0.247796 0.246832 0.237114 0.269508 0.266345 0.242257
internal_weight=0 662.987 373.791 289.196 274.687 254.276 20.411 246.407 182.469 36.3955 66.1512 197.962 127.384 93.4478 33.9363 56.3146 77.4633 17.7059 146.074 16.2304 14.509 49.429 40.8219 63.938 28.5262 23.6079 16.7222 18.9355 45.0025 12.2958
internal_count=2965 2696 1520 1176 1117 1034 83 1002 742 148 269 805 518 380 138 229 315 72 594 66 59 201 166 260 116 96 68 77 183 50
is_linear=0
shrinkage=1


Tree=1
num_leaves=31
num_cat=0
split_feature=13 1 1 1 1 1 1 1 1 1 1 1 1 1 1 1 1 1 3 1 1 13 1 2 1 1 1 2 1 2
split_gain=111.265 66.591 32.6519 27.8146 16.0842 22.6153 18.6581 13.7024 59.1777 12.9828 12.0804 7.70979 7.15051 27.2491 6.55793 4.85389 4.66832 4.6638 3.60222 2.88199 2.73205 2.41666 2.39316 1.57068 1.31233 1.24343 1.58841 1.23292 1.10986 1.0591
threshold=1.4912772627279363 1514623717848.0002 3704300937771.0005 1514623710916.5002 871682468758.00012 702778666549.00012 1130691726105.5002 2946978532227.5005 2777491176212.0005 2860804091963.5005 702778652563.00012 251391422524.00003 3704300964478.0005 3704300959894.0005 3985955690245.0005 702778669840.00012 3771587233452.0005 3704300939284.5005 10.500000000000002 1646869332713.5002 4187424688887.0005 1.9964525882004638 1514623714064.0002 8.5000000000000018 3333170045503.0005 3704300945881.0005 3704300935508.0005 24.500000000000004 2986784370271.0005 6.5000000000000009
decision_type=2 2 2 2 2 2 2 2 2 2 2 2 2 2 2 2 2 2 2 2 2 2 2 2 2 2 2 2 2 2
left_child=1 3 7 4 5 11 -6 8 19 -10 27 -1 13 17 16 -7 -14 -4 -12 -3 -16 25 -5 29 28 26 -20 -2 -9 -23
right_child=10 2 12 22 6 15 -8 24 9 -11 18 -13 14 -15 20 -17 -18 -19 21 -21 -22 23 -24 -25 -26 -27 -28 -29 -30 -31
leaf_value=-0.0047555452376031758 -0.017210362345925868 0.004138900960466446 -0.0075977985193349945 -0.019204949334300163 0.015070049491379578 -0.01296315208215856 -0.0042959239637119038 0.010250202190463799 -0.0034466048631460926 -0.017782377349779381 -0.0025421321593244077 0.00022406863981921327 0.0034672681138272861 -0.013388885147912626 -0.0034466048631460917 -0.0062171025629018176 0.013807083792621196 0.0016468427930805358 -0.008736075422088414 0.008171227218471841 0.0054825262076112023 -0.01501317504592967 -0.010944759315992661 -0.018741151686096622 0.0092075631370253704 -0.0045831526954459145 -0.015005261959226157 -0.022655503452498973 0.015146606676930748 -0.0085350770816429271
leaf_weight=38.629459336400032 9.1197279244661349 20.645759582519531 5.9076776504516593 8.6276502162218076 11.780362844467165 14.286410152912138 8.6117708683013898 10.805693864822389 28.292759731411934 8.133249029517172 5.9060747623443595 159.35118670761585 9.8321783542633074 16.011469885706902 11.317103892564775 42.084890216588974 7.8549222946166983 71.54606956243515 18.464125692844398 125.28256058692932 4.9147894978523246 5.1735350638627997 5.9101449251174918 4.9244565516710272 44.948113784193993 4.9211913347244254 5.1739600002765647 7.6435167640447608 8.0989148765802366 4.9273289144039145
leaf_count=157 37 84 24 35 48 58 35 44 115 33 24 648 40 65 46 171 32 291 75 510 20 21 24 20 183 20 21 31 33 20
internal_value=0 0.00123504 0.00402409 -0.00236684 -0.00165356 -0.00233866 0.00689163 0.00615057 0.00475459 -0.00664752 -0.0123562 -0.00074754 -8.59738e-05 -0.00151325 0.00384694 -0.00792678 0.00805923 0.000941721 -0.00987106 0.00760074 -0.000742989 -0.0108642 -0.0158469 -0.0141106 0.0101373 -0.00915623 -0.0101083 -0.0196932 0.0123479 -0.0118531
internal_weight=0 662.873 373.591 289.282 274.744 254.352 20.3921 246.207 182.354 36.426 66.2539 197.981 127.384 93.4652 33.919 56.3713 17.6871 77.4537 49.4907 145.928 16.2319 43.5846 14.5378 15.0253 63.8527 28.5593 23.6381 16.7632 18.9046 10.1009
internal_count=2965 2696 1520 1176 1117 1034 83 1002 742 148 269 805 518 380 138 229 72 315 201 594 66 177 59 61 260 116 96 68 77 41
is_linear=0
shrinkage=0.01


Tree=2
num_leaves=31
num_cat=0
split_feature=0 12 1 1 1 1 1 0 1 1 2 1 1 1 1 0 2 3 1 12 1 1 0 1 2 1 0 1 1 1
split_gain=857.721 141.539 14.9852 5.81947 17.8894 7.65676 6.50501 5.47434 7.12003 7.38281 6.38428 5.29231 8.69343 4.86273 3.5301 3.42383 2.57089 1.73328 1.6298 1.41233 1.01818 4.20903 0.928478 0.913641 1.15556 0.748226 0.685094 0.602003 0.412528 0.411636
threshold=4199344.0000000009 1.482706697746907 702778652563.00012 702778666549.00012 1514623734509.5002 251391422524.00003 3985955690824.0005 4199368.5000000009 1264132462702.0002 702778669840.00012 48.500000000000007 702778672653.50012 1130691726105.5002 702778647439.50012 1837832584809.0002 4208562.0000000009 11.500000000000002 13.500000000000002 702778672653.50012 1.9868872088523377 702778660262.50012 702778656452.50012 4199337.0000000009 3704300965190.5005 31.500000000000004 702778663440.50012 4199312.5000000009 2777491181035.0005 702778653530.50012 702778677284.50012
decision_type=2 2 2 2 2 2 2 2 2 2 2 2 2 2 2 2 2 2 2 2 2 2 2 2 2 2 2 2 2 2
left_child=1 3 19 5 11 26 14 10 9 13 -2 -5 -13 15 -6 -9 -4 -18 -11 -3 21 -7 -8 24 -10 -22 -1 -19 -15 -20
right_child=7 2 16 4 6 20 22 8 23 18 -12 12 -14 28 -16 -17 17 27 29 -21 25 -23 -24 -25 -26 -27 -28 -29 -30 -31
leaf_value=0.0072070196341071984 -0.019113508497799529 -0.022371771365581647 -0.00064659185151697744 -0.0038037450521741008 0.011675654794033737 0.011463739344131075 0.0035155729434143924 -0.01324197001386257 -0.017085275138767352 -0.0075381782415822269 -0.0042577209050462242 0.0079778899946611644 -2.2988411160007832e-05 -0.018971006505127359 0.008305553506626184 -0.019700072375759419 -0.0024992097086367969 -0.010453676634134781 -0.012373789950274269 -0.015721057524917235 0.014891293883857668 0.0050199487207766907 -0.0026293511182659576 -0.017123267306353822 -0.021911422854112694 0.010950637132128738 0.0030964529214804015 -0.0072251568033358041 -0.020928015045136892 -0.015513015652882368
leaf_weight=5.6624460071325329 5.6716800481081009 6.9213162064552289 5.9202713817357973 10.600758820772169 35.341611742973328 71.804270058870316 4.9191942214965803 22.887284591794014 5.4264424145221701 5.9116210639476803 5.9042596817016584 26.779956057667732 27.553029924631119 15.250388190150259 257.84459049999714 12.800555080175398 4.9242436885833767 13.062205582857137 10.591992035508158 5.9275329560041428 10.573533624410631 11.803014278411863 4.9163522720336914 5.1640599071979514 57.873703300952911 8.8522607088088971 14.279211670160292 10.353299930691717 36.674164548516273 6.8968800306320182
leaf_count=23 23 28 24 43 144 292 20 93 22 24 24 109 112 62 1050 52 20 53 43 24 43 48 20 21 235 36 58 42 149 28
internal_value=0 0.00646335 -0.010094 0.00805216 0.00742274 0.00993547 0.00844344 -0.0182016 -0.0186315 -0.0170673 -0.0115364 0.0026595 0.00392053 -0.0184001 0.0087118 -0.0155584 -0.00664001 -0.00789206 -0.0120774 -0.0193036 0.0110332 0.0105541 0.000443999 -0.0211677 -0.0214977 0.0130956 0.00426365 -0.00902617 -0.0203532 -0.0136118
internal_weight=0 538.039 47.1089 490.93 367.955 122.975 303.022 191.053 179.477 111.013 11.5759 64.9337 54.333 87.6124 293.186 35.6878 34.26 28.3397 23.4005 12.8488 103.033 83.6073 9.83555 68.4642 63.3001 19.4258 19.9417 23.4155 51.9246 17.4889
internal_count=2965 2189 191 1998 1498 500 1234 776 729 451 47 264 221 356 1194 145 139 115 95 52 419 340 40 278 257 79 81 95 211 71
is_linear=0
shrinkage=0.01


Tree=3
num_leaves=31
num_cat=0
split_feature=0 12 1 1 1 1 1 0 1 1 2 1 1 1 1 0 2 3 1 2 1 1 0 1 2 1 0 1 1 1
split_gain=839.504 138.812 14.6343 5.72136 17.5776 7.52978 6.39089 5.33356 6.93536 7.19365 6.23305 5.18897 8.53397 4.73508 3.47412 3.33681 2.51523 1.69497 1.59114 1.39456 1.00257 4.14004 0.910156 0.890247 1.12379 0.73718 0.672699 0.588175 0.402058 0.401493
threshold=4199344.0000000009 1.482706697746907 702778652563.00012 702778666549.00012 1514623734509.5002 251391422524.00003 3985955690824.0005 4199368.5000000009 1264132462702.0002 702778669840.00012 48.500000000000007 702778672653.50012 1130691726105.5002 702778647439.50012 1837832584809.0002 4208562.0000000009 11.500000000000002 13.500000000000002 702778672653.50012 24.500000000000004 702778660262.50012 702778656452.50012 4199337.0000000009 3704300965190.5005 31.500000000000004 702778663440.50012 4199312.5000000009 2777491181035.0005 702778655715.00012 702778677284.50012
decision_type=2 2 2 2 2 2 2 2 2 2 2 2 2 2 2 2 2 2 2 2 2 2 2 2 2 2 2 2 2 2
left_child=1 3 19 5 11 26 14 10 9 13 -2 -5 -13 15 -6 -9 -4 -18 -11 -3 21 -7 -8 24 -10 -22 -1 -19 -15 -20
right_child=7 2 16 4 6 20 22 8 23 18 -12 12 -14 28 -16 -17 17 27 29 -21 25 -23 -24 -25 -26 -27 -28 -29 -30 -31
leaf_value=0.0071414217331816502 -0.018881757259490775 -0.015515734475224242 -0.00064007796356748878 -0.0037640253230025291 0.011577643472708496 0.011366216924181317 0.0034819903750218295 -0.013088345926001745 -0.016882111602163848 -0.0074560421497245977 -0.0042128877952198789 0.0079065284873875898 -2.2758768225738169e-05 -0.01892844825768256 0.008231773672550579 -0.01945721743537376 -0.0024734572570057588 -0.010336482480093365 -0.012232061190426758 -0.022118015408332359 0.014771484657160413 0.0049729933082684977 -0.0026021729200946912 -0.016915998790516331 -0.021636788003174465 0.010856749690960175 0.0030666737839519492 -0.0071468654183521893 -0.020759470057636516 -0.015329761876096706
leaf_weight=5.6573400646448162 5.6838180273771286 5.9385399669408798 5.9207119643688157 10.605471298098562 35.284677028656006 71.696686327457428 4.9169825315475446 22.924175843596458 5.4367752522230139 5.9169486165046719 5.9074053168296796 26.751588135957718 27.553109705448151 18.737186208367348 257.55549901723862 12.830567777156828 4.9257507920265224 13.07811932265759 10.607491612434389 6.9357722699642164 10.552804723381998 11.795352458953856 4.918015256524086 5.1750047504901877 58.021450772881508 8.8395894169807416 14.273722708225248 10.362005427479742 33.314212784171104 6.9094679504632941
leaf_count=23 23 24 24 43 144 292 20 93 22 24 24 109 112 76 1050 52 20 53 43 28 43 48 20 21 235 36 58 42 135 28
internal_value=0 0.00640445 -0.00998194 0.0079803 0.00735595 0.00984894 0.00836863 -0.0179807 -0.0184043 -0.016862 -0.0114058 0.00263388 0.00388337 -0.0181757 0.00863492 -0.0153738 -0.00656849 -0.0078059 -0.0119395 -0.0190726 0.0109388 0.010463 0.000439589 -0.0209042 -0.0212294 0.012987 0.00422327 -0.00892647 -0.0201003 -0.0134539
internal_weight=0 537.562 47.1609 490.401 367.585 122.815 302.675 191.465 179.873 111.24 11.5912 64.9102 54.3047 87.8061 292.84 35.7547 34.2866 28.3659 23.4339 12.8743 102.884 83.492 9.835 68.6332 63.4582 19.3924 19.9311 23.4401 52.0514 17.517
internal_count=2965 2189 191 1998 1498 500 1234 776 729 451 47 264 221 356 1194 145 139 115 95 52 419 340 40 278 257 79 81 95 211 71
is_linear=0
shrinkage=0.01


Tree=4
num_leaves=31
num_cat=0
split_feature=0 12 1 1 1 1 1 0 1 1 12 1 1 1 1 0 12 1 12 1 1 1 0 1 12 1 0 1 1 1
split_gain=821.803 136.142 14.2977 5.6258 17.2721 7.40594 6.27909 5.19954 6.7616 7.01408 6.08787 5.08771 8.3777 4.6147 3.41969 3.25434 2.3549 1.55393 1.36069 1.2772 0.987484 4.07283 0.8922 0.868347 1.09405 0.726563 0.660557 0.586675 0.393293 0.391806
threshold=4199344.0000000009 1.482706697746907 702778652563.00012 702778666549.00012 1514623734509.5002 251391422524.00003 3985955690824.0005 4199368.5000000009 1264132462702.0002 702778669840.00012 1.9759262816980594 702778672653.50012 1130691726105.5002 702778647439.50012 1837832584809.0002 4208562.0000000009 1.994262914445758 702778672653.50012 1.9868872088523377 2777491181035.0005 702778660262.50012 702778656452.50012 4199337.0000000009 3704300965190.5005 1.9895629315190633 702778663440.50012 4199312.5000000009 702778669840.00012 702778653530.50012 702778677284.50012
decision_type=2 2 2 2 2 2 2 2 2 2 2 2 2 2 2 2 2 2 2 2 2 2 2 2 2 2 2 2 2 2
left_child=1 3 18 5 11 26 14 10 9 13 -2 -5 -13 15 -6 -9 19 -11 -3 27 21 -7 -8 24 -10 -22 -1 -4 -15 -19
right_child=7 2 16 4 6 20 22 8 23 17 -12 12 -14 28 -16 -17 -18 29 -20 -21 25 -23 -24 -25 -26 -27 -28 -29 -30 -31
leaf_value=0.007076540438507457 -0.0041685869701496387 -0.021853073498192255 -0.0085690779077443342 -0.0037247653758729869 0.011481059711804433 0.011270103100196526 0.0034487348568715027 -0.012937850844906141 -0.021371276242591525 -0.0073750790065566221 -0.018656626165013002 0.0078359737085358146 -2.2530868433576444e-05 -0.018508550783440152 0.008158841450637621 -0.019221545181886623 -0.0023732457173927706 -0.012093061746813433 -0.015337126227604697 -0.0055529428483804232 0.014653991282589653 0.0049265082044662803 -0.0025752934370795138 -0.016714054031852471 -0.016684119113038832 0.010764163790844605 0.0030371826089108452 -0.012823058650668389 -0.020415063071871881 -0.015150779442100701
leaf_weight=5.6521429568529156 5.9104676544666273 6.9496268928050977 8.6459023207426089 10.610061600804327 35.225985288619995 71.585611373186111 4.9147633314132673 22.958747431635857 58.154187902808189 5.9220598936080959 5.6948244869709015 26.722679302096367 27.553189009428024 15.318442717194555 257.26070299744606 12.857862412929533 9.8628011941909772 10.622047096490862 5.9475218504667282 10.616339236497877 10.531149938702585 11.787623405456541 4.9196449369192123 5.1851041913032523 5.4462328404188147 8.8265308141708356 14.268222510814665 5.1868727505207053 36.848028525710106 6.9211218357086173
leaf_count=23 24 28 35 43 144 292 20 93 235 24 23 109 112 62 1050 52 40 43 24 43 43 48 20 21 22 36 58 21 149 28
internal_value=0 0.00634629 -0.00987197 0.0079093 0.00728994 0.00976358 0.00829469 -0.0177659 -0.0181837 -0.016662 -0.011278 0.00260854 0.0038466 -0.0179576 0.00855896 -0.0151936 -0.00649797 -0.0118042 -0.0188482 -0.00816189 0.0108456 0.0103732 0.000435226 -0.0206491 -0.0209699 0.0128803 0.0041833 -0.0101642 -0.0198552 -0.0132994
internal_weight=0 537.067 47.2091 489.858 367.207 122.651 302.321 191.839 180.234 111.448 11.6053 64.8859 54.2759 87.9831 292.487 35.8166 34.3119 23.4652 12.8971 24.4491 102.731 83.3732 9.83441 68.7855 63.6004 19.3577 19.9204 13.8328 52.1665 17.5432
internal_count=2965 2189 191 1998 1498 500 1234 776 729 451 47 264 221 356 1194 145 139 95 52 99 419 340 40 278 257 79 81 56 211 71
is_linear=0
shrinkage=0.01


Tree=5
num_leaves=31
num_cat=0
split_feature=0 13 1 1 1 1 1 1 1 1 0 1 1 2 1 0 2 2 1 2 13 2 1 1 0 1 1 2 0 1
split_gain=804.597 133.529 13.9749 5.53267 16.9737 7.28514 6.2602 5.29172 6.90915 5.28448 5.07184 6.59799 6.84346 5.9484 4.50104 3.17612 2.44266 1.62993 1.5181 1.34542 1.33614 1.1673 0.974421 3.37001 0.874601 0.870846 0.847833 1.06619 0.648663 0.384293
threshold=4199344.0000000009 1.4912772627279363 702778652563.00012 702778666549.00012 1646869332713.5002 251391422524.00003 3985955690824.0005 702778672653.50012 1130691726105.5002 1837832584809.0002 4199368.5000000009 1264132462702.0002 702778669840.00012 48.500000000000007 702778647439.50012 4208562.0000000009 11.500000000000002 26.500000000000004 702778672653.50012 24.500000000000004 1.9897303623432658 19.500000000000004 702778660786.00012 702778656452.50012 4199337.0000000009 702778663440.50012 3704300965190.5005 31.500000000000004 4199312.5000000009 702778655715.00012
decision_type=2 2 2 2 2 2 2 2 2 2 2 2 2 2 2 2 2 2 2 2 2 2 2 2 2 2 2 2 2 2
left_child=1 3 19 5 7 28 9 -5 -9 -6 13 12 14 -2 15 -12 -4 21 -14 -3 -19 -18 23 -7 -8 -24 27 -13 -1 -16
right_child=10 2 16 4 6 22 24 8 -10 -11 11 26 18 -15 29 -17 17 20 -20 -21 -22 -23 25 -25 -26 -27 -28 -29 -30 -31
leaf_value=0.0070123661642392055 -0.018437819803961492 -0.015141601337525344 -0.00058737072243281966 -0.0036859563252676416 0.01256927092974381 0.011175355608141421 0.0034158016663365137 0.0077662091615105467 0.00094293104769813411 0.0080867389639815365 -0.012790378966285628 -0.016491083520316547 -0.0072952614814091434 -0.0041248104044704637 -0.018474076782242842 -0.018992727342019705 -0.0075366009323810761 -0.0079127997042109585 -0.013148028949576174 -0.021615814806468119 -0.0013682216473283795 -0.013068761657851294 0.015120269641562073 0.0057259767041724589 -0.0025487084776893592 0.010672843661399922 -0.016517208428445212 -0.021114444303587061 0.0030079786266135893 -0.020260480258337585
leaf_weight=5.6468577682971981 5.7047314941883087 5.9566082060337067 5.9242019355297044 10.614533200860022 29.298697113990784 71.471175730228424 4.9125377237796766 26.693252816796303 33.420173346996307 256.96043196320534 22.991060897707939 5.4548393040895453 5.9269599169492748 5.9134483337402326 18.813958525657654 12.882515221834181 9.3864613622426951 6.9219719171524101 17.567551642656326 6.9607898443937284 5.678762286901474 6.4247457832098016 8.7978987693786639 13.490532517433165 4.9212424010038376 8.8130999207496625 5.1943814307451239 58.272340655326843 14.26271280646324 33.456177726387978
leaf_count=23 23 24 24 43 120 292 20 109 136 1050 93 22 24 24 76 52 38 28 71 28 23 26 36 55 20 36 21 235 58 135
internal_value=0 0.00628887 -0.00976399 0.00783914 0.00722469 0.00967936 0.00827603 0.0028234 0.00397279 0.00854553 -0.0175571 -0.0179691 -0.0164672 -0.0111528 -0.0177454 -0.0150177 -0.00642842 -0.00764634 -0.0116716 -0.0186304 -0.00496336 -0.00978455 0.0107538 0.0103101 0.000430907 0.0128946 -0.020402 -0.0207187 0.00414372 -0.0196175
internal_weight=0 536.557 47.2535 489.303 366.821 122.482 296.093 70.728 60.1134 286.259 192.178 180.56 111.638 11.6182 88.1437 35.8736 34.3361 28.4119 23.4945 12.9174 12.6007 15.8112 102.573 84.9617 9.83378 17.611 68.9216 63.7272 19.9096 52.2701
internal_count=2965 2189 191 1998 1498 500 1210 288 245 1170 776 729 451 47 356 145 139 115 95 52 51 64 419 347 40 72 278 257 81 211
is_linear=0
shrinkage=0.01


Tree=6
num_leaves=31
num_cat=0
split_feature=0 12 1 1 1 1 1 0 1 1 2 1 1 1 1 0 2 3 1 12 1 1 0 1 2 1 0 1 1 1
split_gain=787.866 130.971 13.6651 5.44188 16.7072 7.16721 6.06345 4.95006 6.44383 6.68132 5.81432 4.88502 8.09416 4.39368 3.32843 3.10188 2.39034 1.61359 1.48354 1.31479 0.962868 3.95302 0.857352 0.828602 1.04008 0.709298 0.63701 0.555241 0.382256 0.376406
threshold=4199344.0000000009 1.482706697746907 702778652563.00012 702778666549.00012 1514623734509.5002 251391422524.00003 3985955690824.0005 4199368.5000000009 1264132462702.0002 702778669840.00012 48.500000000000007 702778672653.50012 1130691726105.5002 702778647439.50012 1837832584809.0002 4208562.0000000009 11.500000000000002 13.500000000000002 702778672653.50012 1.9868872088523377 702778660262.50012 702778656452.50012 4199337.0000000009 3704300965190.5005 31.500000000000004 702778663440.50012 4199312.5000000009 2777491181035.0005 702778677284.50012 702778653530.50012
decision_type=2 2 2 2 2 2 2 2 2 2 2 2 2 2 2 2 2 2 2 2 2 2 2 2 2 2 2 2 2 2
left_child=1 3 19 5 11 26 14 10 9 13 -2 -5 -13 15 -6 -9 -4 -18 -11 -3 21 -7 -8 24 -10 -22 -1 -19 -20 -15
right_child=7 2 16 4 6 20 22 8 23 18 -12 12 -14 29 -16 -17 17 27 28 -21 25 -23 -24 -25 -26 -27 -28 -29 -30 -31
leaf_value=0.0069488817853820984 -0.018225059467708783 -0.021367444827802552 -0.00058145807108943184 -0.0036475923528118 0.011298370229931512 0.011081939211242712 0.0033831886234419262 -0.012645824743367519 -0.016302802959541771 -0.0072165640939976915 -0.0040815498349976434 0.0076972196691986643 -3.1738051488077263e-05 -0.018071749460490286 0.0080154496957861449 -0.018770454669379294 -0.0023635551344578813 -0.010022590450654432 -0.011809619906023163 -0.014971661924136218 0.014433030487674865 0.0048270303001945432 -0.0025224150374934711 -0.016325254888918762 -0.020865873377177633 0.010582757014531539 0.0029790570529839907 -0.0069275516535485639 -0.01482573118092553 -0.019933434576806623
leaf_weight=5.6414889544248608 5.7135701328516006 6.9712327569723112 5.9245922863483385 10.6188887655735 35.107400178909302 71.353505313396454 4.9103057980537397 23.021178588271141 5.4626186043024054 5.9316540509462383 5.9163492769002897 26.663328364491463 27.549985349178314 15.374621167778967 256.65491503477097 12.904600515961645 4.9319935292005566 13.117700830101972 10.649656623601915 5.9639348089694977 10.486718490719797 11.770602464675902 4.9228079169988632 5.2028593420982352 58.376325085759163 8.7993101477622968 14.257193595170973 10.385127544403074 6.940567046403884 36.988062247633934
leaf_count=23 23 28 24 43 144 292 20 93 22 24 24 109 112 62 1050 52 20 53 43 24 43 48 20 21 235 36 58 42 28 149
internal_value=0 0.00623214 -0.0096579 0.0077698 0.00716016 0.00959623 0.00815018 -0.0173539 -0.0177605 -0.0162773 -0.01103 0.00255468 0.00376954 -0.017539 0.00841048 -0.0148458 -0.00635979 -0.00756375 -0.0115413 -0.0184186 0.0106633 0.0101962 0.000426633 -0.0201627 -0.0204754 0.0126763 0.00410454 -0.00865499 -0.0129997 -0.0193868
internal_weight=0 536.031 47.2946 488.736 366.428 122.309 301.595 192.482 180.852 111.81 11.6299 64.8322 54.2133 88.2885 291.762 35.9258 34.3594 28.4348 23.5219 12.9352 102.41 83.1241 9.83311 69.0418 63.8389 19.286 19.8987 23.5028 17.5902 52.3627
internal_count=2965 2189 191 1998 1498 500 1234 776 729 451 47 264 221 356 1194 145 139 115 95 52 419 340 40 278 257 79 81 95 71 211
is_linear=0
shrinkage=0.01


Tree=7
num_leaves=31
num_cat=0
split_feature=0 13 1 1 1 1 1 1 1 1 0 1 1 2 1 0 2 2 1 2 13 2 1 1 0 1 2 1 0 1
split_gain=771.592 128.468 13.3675 5.35336 16.4283 7.05212 6.04636 5.14925 5.08066 6.68126 4.83386 6.29842 6.52696 5.68536 4.29216 3.03136 2.33936 1.59316 1.45024 1.30169 1.29449 1.1383 0.949119 3.89055 0.840446 0.810561 1.01558 0.699776 0.625591 0.373518
threshold=4199344.0000000009 1.4912772627279363 702778652563.00012 702778666549.00012 1646869332713.5002 251391422524.00003 3985955690824.0005 1837832584809.0002 702778672653.50012 1130691726105.5002 4199368.5000000009 1264132462702.0002 702778669840.00012 48.500000000000007 702778647439.50012 4208562.0000000009 11.500000000000002 26.500000000000004 702778672653.50012 24.500000000000004 1.9897303623432658 19.500000000000004 702778660262.50012 702778656452.50012 4199337.0000000009 3704300965190.5005 31.500000000000004 702778663440.50012 4199312.5000000009 702778677284.50012
decision_type=2 2 2 2 2 2 2 2 2 2 2 2 2 2 2 2 2 2 2 2 2 2 2 2 2 2 2 2 2 2
left_child=1 3 19 5 8 28 7 -6 -5 -10 13 12 14 -2 15 -12 -4 21 -14 -3 -19 -18 23 -7 -8 26 -13 -24 -1 -20
right_child=10 2 16 4 6 22 24 -9 9 -11 11 25 18 -15 -16 -17 17 20 29 -21 -22 -23 27 -25 -26 -27 -28 -29 -30 -31
leaf_value=0.0068860782328991448 -0.018018082889601487 -0.014785149401162446 -0.00057560601973050433 -0.0036096674663286567 0.01237784008088022 0.010989817369519211 0.0033508910356839813 0.0079449572130449071 0.0076289887889021456 0.00091433451912690535 -0.012504091232372392 -0.016119086851567651 -0.0071389635006469422 -0.0040387973843114527 -0.019162860677462177 -0.018554438303190587 -0.0073757068552290986 -0.0077311761576288641 -0.01167853176095063 -0.021145186274427023 -0.0012932435228726368 -0.012833570117946525 0.014321901058279131 0.0047819938126245709 -0.0024964090364552991 -0.016137993823861132 -0.02062517311357305 0.010493870356319289 0.0029504161785870097 -0.014658139339511576
leaf_weight=5.6360392570495632 5.7213705033063889 5.971207395195961 5.9249778240919069 10.623130381107329 29.187920093536377 71.232713788747787 4.9080686569213849 256.34435440599918 26.632928878068924 33.406101375818253 23.049158990383148 5.4695937335491172 5.9361473023891476 5.919172525405882 52.4444580078125 12.924190878868101 9.4011249095201457 6.9337627440691048 10.661443889141085 6.9792865961790067 5.6831961870193481 6.4383010119199762 10.462529346346857 11.762682437896727 4.9243422448635101 5.2105602622032157 58.466547667980194 8.7851754426956159 14.251667469739912 6.9496754854917517
leaf_count=23 23 24 24 43 120 292 20 1050 109 136 93 22 24 24 211 52 38 28 43 28 23 26 43 48 20 21 235 36 58 28
internal_value=0 0.00617611 -0.00955374 0.00770128 0.00709637 0.00951419 0.0081326 0.0083981 0.002765 0.00389291 -0.0171561 -0.0175576 -0.0160921 -0.0109097 -0.0173381 -0.0146778 -0.00629215 -0.00748241 -0.0114135 -0.0182127 -0.00483127 -0.00959418 0.010574 0.01011 0.000422402 -0.0199306 -0.0202397 0.0125747 0.00406576 -0.0128543
internal_weight=0 535.49 47.3319 488.158 366.027 122.131 295.365 285.532 70.6622 60.039 192.752 181.112 111.965 11.6405 88.4178 35.9733 34.3814 28.4564 23.5473 12.9505 12.617 15.8394 102.243 82.9954 9.83241 69.1467 63.9361 19.2477 19.8877 17.6111
internal_count=2965 2189 191 1998 1498 500 1210 1170 288 245 776 729 451 47 356 145 139 115 95 52 51 64 419 340 40 278 257 79 81 71
is_linear=0
shrinkage=0.01


Tree=8
num_leaves=18
num_cat=0
split_feature=0 12 0 0 2 0 3 12 0 0 0 0 2 2 2 0 0
split_gain=755.757 126.016 10.5186 4.72286 5.56123 2.98975 1.8583 1.5569 1.03991 3.07656 5.84365 1.25359 0.860506 0.974939 0.306347 0.00515665 0.00433627
threshold=4199344.0000000009 1.482706697746907 4199321.5000000009 4199368.5000000009 48.500000000000007 4208562.0000000009 9.5000000000000018 1.9956098621939431 4199305.5000000009 4199312.5000000009 4199321.5000000009 4199337.0000000009 38.500000000000007 21.500000000000004 11.500000000000002 4199298.0000000009 4208573.5000000009
decision_type=2 2 2 2 2 2 2 2 2 2 2 2 2 2 2 2 2
left_child=1 8 -3 4 -2 -5 -4 14 15 -10 -11 -12 13 -8 -7 -1 -16
right_child=3 2 6 5 -6 7 12 -9 9 10 11 -13 -14 -15 16 -17 -18
leaf_value=0.0064715645028568785 -0.017816642867495815 0.0036177290554098704 -0.0056990722609749113 -0.016195265857984774 -0.0039965451784724276 -0.021252547976511157 -0.010878315010117443 -0.013355987088773967 0.0093104502497725269 -0.0030084493179972126 0.007073523346633667 0.0084117000111380534 -0.0082042528328228129 -0.014412125206680747 -0.018985953725076429 0.0062805995767825787 -0.01880824752751481
leaf_weight=25.650051981210709 5.728162094950676 5.4497974514961234 5.441216751933097 99.478272721171379 5.9219195395708066 6.2280761003494254 16.105420291423798 4.978407993912696 102.87143436074257 5.3795593976974478 219.33127062022686 102.82301844656467 5.2172344028949764 15.152150869369505 51.996309489011765 31.512693867087364 18.658732578158379
leaf_count=105 23 22 22 400 24 25 65 20 422 22 898 422 21 61 209 129 75
internal_value=0 0.00612076 -0.00945137 -0.0169635 -0.0107917 -0.0173601 -0.0111506 -0.0187755 0.00763354 0.00780185 0.00732803 0.00750063 -0.0119638 -0.0125913 -0.0191264 0.00636629 -0.018939
internal_weight=0 534.934 47.3658 192.99 11.6501 181.34 41.916 81.8615 487.568 430.405 327.534 322.154 36.4748 31.2576 76.8831 57.1627 70.655
internal_count=2965 2189 191 776 47 729 169 329 1998 1764 1342 1320 147 126 309 234 284
is_linear=0
shrinkage=0.01


Tree=9
num_leaves=31
num_cat=0
split_feature=0 12 1 1 1 1 1 1 1 0 1 1 12 1 1 0 1 1 12 1 12 1 1 1 0 1 12 0 1 1
split_gain=740.315 123.609 13.0652 5.30768 16.1733 6.95109 5.86744 4.67628 7.84465 4.61578 6.158 6.37583 5.44169 4.19597 3.34332 2.93418 2.15708 3.58165 3.38104 1.41589 1.26186 0.93998 3.21865 0.840118 0.826763 0.796718 0.990487 0.614131 0.371768 0.365285
threshold=4199344.0000000009 1.482706697746907 702778652563.00012 702778666549.00012 1514623734509.5002 251391422524.00003 3985955690824.0005 702778672653.50012 1130691726105.5002 4199368.5000000009 1264132462702.0002 702778669840.00012 1.9759262816980594 702778647439.50012 3704300965984.0005 4208562.0000000009 3704300946403.0005 3704300935508.0005 1.994262914445758 702778672653.50012 1.9868872088523377 702778660786.00012 702778656452.50012 702778663440.50012 4199337.0000000009 3704300965190.5005 1.9895629315190633 4199312.5000000009 702778655715.00012 702778677284.50012
decision_type=2 2 2 2 2 2 2 2 2 2 2 2 2 2 2 2 2 2 2 2 2 2 2 2 2 2 2 2 2 2
left_child=1 3 20 5 7 27 14 -5 -9 12 11 13 -2 15 -6 -11 17 18 -4 -13 -3 22 -7 -23 -8 26 -12 -1 -15 -21
right_child=9 2 16 4 6 21 24 8 -10 10 25 19 -14 28 -16 -17 -18 -19 -20 29 -22 23 -24 -25 -26 -27 -28 -29 -30 -31
leaf_value=0.0067585337115835574 -0.0039547862658886939 -0.020789022459499925 -0.0076638553623777795 -0.0036383946110263377 0.0079545326752710303 0.010840424621582349 0.0032453773777901969 0.0074952101833728278 -0.00012262426188838784 -0.012186687802517162 -0.020197151612008749 -0.0068824379029332576 -0.017620505707989148 -0.017630493510851466 0.012944342570622852 -0.018131839766749563 -1.8357770615349501e-05 -0.013436681888219853 0.00091577258490810277 -0.011361672377609718 -0.014531652998126679 0.01473471658917052 0.0055043424153676905 0.010350981238734926 -0.0025574209851848477 -0.015755721115516555 -0.015751964168192318 0.0028555066140617856 -0.01938242500851748 -0.014304676357703144
leaf_weight=5.6245477348566082 5.924592047929762 6.9896467924118024 16.12365938723088 10.619929477572439 276.52906881272793 71.026662334799767 4.9005496650934202 26.570728644728661 27.517611712217331 23.105987459421158 58.599509164690971 5.9500243663787868 5.7339740693569183 18.925870552659035 14.113275468349455 12.956699222326277 4.9488739967346183 6.9368530660867682 6.4228840023279181 10.687234506011011 5.9799448996782303 8.7255804538726824 13.443435937166212 8.7613364458084089 4.9207204282283783 5.2244061082601538 5.4815607964992514 14.232918202877043 33.646390780806541 6.9666789770126334
leaf_count=23 24 28 65 43 1136 292 20 109 112 93 235 24 23 76 58 52 20 28 26 43 24 36 55 36 20 21 22 58 135 28
internal_value=0 0.00606578 -0.0093497 0.00756628 0.00696331 0.00937384 0.00793995 0.00242843 0.00361961 -0.0167753 -0.017167 -0.0157197 -0.0106759 -0.0169497 0.00819683 -0.0143227 -0.00612758 -0.00715304 -0.00521976 -0.0111012 -0.0179039 0.0104281 0.00999119 0.0125384 0.000338019 -0.0195108 -0.0198169 0.00396102 -0.0187517 -0.0125231
internal_weight=0 534.388 47.4019 486.986 365.172 121.814 300.464 64.7083 54.0883 193.203 181.544 112.239 11.6586 88.6349 290.642 36.0627 34.4323 29.4834 22.5465 23.6039 12.9696 101.957 84.4701 17.4869 9.82127 69.3055 64.0811 19.8575 52.5723 17.6539
internal_count=2965 2189 191 1998 1498 500 1234 264 221 776 729 451 47 356 1194 145 139 119 91 95 52 419 347 72 40 278 257 81 211 71
is_linear=0
shrinkage=0.01


Tree=10
num_leaves=31
num_cat=0
split_feature=0 13 1 1 1 1 1 1 1 1 0 1 1 2 1 0 2 2 1 13 2 2 1 1 0 1 2 1 0 1
split_gain=725.306 121.257 12.7926 5.22296 15.9038 6.84139 5.85162 5.07716 4.86589 6.47601 4.51423 6.03122 6.23831 5.3265 4.10675 2.87252 2.23738 1.56246 1.38533 1.25461 1.2536 1.09417 0.929458 3.77621 0.810442 0.781081 0.969439 0.68461 0.603179 0.364671
threshold=4199344.0000000009 1.4912772627279363 702778652563.00012 702778666549.00012 1646869332713.5002 251391422524.00003 3985955690824.0005 1837832584809.0002 702778672653.50012 1130691726105.5002 4199368.5000000009 1264132462702.0002 702778669840.00012 48.500000000000007 702778647439.50012 4208562.0000000009 11.500000000000002 26.500000000000004 702778672653.50012 1.9897303623432658 24.500000000000004 19.500000000000004 702778660262.50012 702778656452.50012 4199337.0000000009 3704300965190.5005 31.500000000000004 702778663440.50012 4199312.5000000009 702778653530.50012
decision_type=2 2 2 2 2 2 2 2 2 2 2 2 2 2 2 2 2 2 2 2 2 2 2 2 2 2 2 2 2 2
left_child=1 3 20 5 8 28 7 -6 -5 -10 13 12 14 -2 15 -12 -4 21 -14 -19 -3 -18 23 -7 -8 26 -13 -24 -1 -16
right_child=10 2 16 4 6 22 24 -9 9 -11 11 25 18 -15 29 -17 17 19 -20 -21 -22 -23 27 -25 -26 -27 -28 -29 -30 -31
leaf_value=0.0066977396097991073 -0.017429449399459264 -0.014352356547364666 -0.00047489976579662981 -0.0036005747186610483 0.012147860773776994 0.010751570201367593 0.0032144096585913951 0.0077353745624662417 0.0074291679943006075 0.00080980663457960993 -0.012053646449266988 -0.015581177367353505 -0.0068093945116683733 -0.003913512267966021 -0.017254768880902296 -0.017933223955471707 -0.0071406906533098393 -0.0074532493267724775 -0.012386922349244272 -0.0011215077580074154 -0.020586892467364476 -0.01248508335209462 0.014061141759135172 0.0046272942179018525 -0.0025310327059341353 -0.015581934235633997 -0.019977009610910094 0.010265115342890593 0.0028280586203704022 -0.019082527440797529
leaf_weight=5.6188729256391552 5.7388345152139664 5.9851162135601044 5.9312957674264863 10.624144062399862 29.042398631572723 70.898160472512245 4.8982958793640119 255.37002822756767 26.53902180492878 33.357226207852364 23.127298459410667 5.4862043261528006 5.9536924362182644 5.927191957831381 15.454796895384787 12.969131842255591 9.4207962602376902 6.9499831795692497 17.669371858239174 5.6926827877759933 6.9939138442277891 6.455997809767724 10.400565519928934 11.734445407986639 4.9222963750362396 5.2298198640346518 58.652531549334526 8.7463528811931592 14.227375105023382 37.169547244906425
leaf_count=23 23 24 24 43 120 292 20 1050 109 136 93 22 24 24 62 52 38 28 71 23 28 26 43 48 20 21 235 36 58 149
internal_value=0 0.0060117 -0.00925071 0.00750003 0.00690164 0.00929458 0.0079239 0.00818595 0.00263644 0.00374273 -0.0165924 -0.0169795 -0.0155479 -0.0105624 -0.0167639 -0.0141661 -0.00606302 -0.00722521 -0.0109812 -0.00460222 -0.0177119 -0.00931389 0.0103419 0.00988188 0.000334668 -0.019298 -0.019601 0.0123271 0.00392364 -0.0185457
internal_weight=0 533.809 47.4298 486.379 364.753 121.626 294.233 284.412 70.5204 59.8962 193.378 181.712 112.344 11.666 88.7208 36.0964 34.4508 28.5195 23.6231 12.6427 12.979 15.8768 101.78 82.6326 9.82059 69.3686 64.1387 19.1469 19.8462 52.6243
internal_count=2965 2189 191 1998 1498 500 1210 1170 288 245 776 729 451 47 356 145 139 115 95 51 52 64 419 340 40 278 257 79 81 211
is_linear=0
shrinkage=0.01


Tree=11
num_leaves=31
num_cat=0
split_feature=0 13 1 1 1 1 1 1 1 0 1 0 2 1 1 2 1 1 2 13 1 2 13 2 1 1 1 0 1 1
split_gain=710.69 118.955 12.5301 5.14025 15.6506 6.73422 5.6682 4.49007 7.58072 4.42486 3.5445 4.27119 7.13555 3.30121 2.73741 2.19034 1.78325 5.97181 1.52867 1.49531 1.48683 1.22916 1.22832 1.0702 1.01065 0.916892 3.71821 0.794446 0.773859 0.692988
threshold=4199344.0000000009 1.4912772627279363 702778652563.00012 702778666549.00012 1514623734509.5002 251391422524.00003 3985955690824.0005 702778672653.50012 1130691726105.5002 4208562.0000000009 702778648956.00012 4199368.5000000009 48.500000000000007 3704300965984.0005 251391427567.00003 11.500000000000002 1264132462702.0002 702778669840.00012 26.500000000000004 1.997802502343242 251391422524.00003 24.500000000000004 1.9897303623432658 19.500000000000004 251391424169.50003 702778660262.50012 702778656452.50012 4199337.0000000009 3704300962249.0005 702778669840.00012
decision_type=2 2 2 2 2 2 2 2 2 2 2 2 2 2 2 2 2 2 2 2 2 2 2 2 2 2 2 2 2 2
left_child=1 3 21 5 7 -1 13 -5 -9 10 14 12 -12 -6 24 -4 17 -13 23 20 -11 -3 -20 -17 -2 26 -7 -8 -18 -22
right_child=9 2 15 4 6 25 27 8 -10 19 11 16 -14 -15 -16 18 28 -19 22 -21 29 -23 -24 -25 -26 -27 -28 -29 -30 -31
leaf_value=0.0038866312052760724 -0.012271743156228867 -0.014199491454975371 -0.00047012660596344741 -0.0035631855648453094 0.0078154534744585315 0.010663888640949562 0.0031837390398296601 0.0073638295489769391 -0.00012950726743037275 -0.013504496392969006 -0.01874534717058305 -0.018307371300166301 -0.0021870533271769652 0.0127822734126253 -0.0052364026352011818 -0.0070647638467886253 -0.019405030160183686 -0.010374103833721574 -0.0073741617787367285 -0.012870557350137295 -0.020106147676429948 -0.020371194915368915 -0.0011101688564508164 -0.012348070844501312 -0.017415391022173179 0.012230873801454961 0.0045842151447753653 -0.0025049323786964887 -0.015286784607268119 -0.018098917806304189
leaf_weight=19.834962129592896 16.428478136658676 5.9890332072973251 5.9315962642431215 10.628247767686842 275.79374395310879 70.766951218247414 4.8960396349430066 26.506915345788002 27.515131145715714 5.4920180588960639 4.9933650642633438 27.704469203948975 5.4355163127183896 14.064282536506651 4.9800956696271887 9.4267931282520259 26.980766966938972 14.431177422404287 6.954254359006887 4.9902154505252829 28.70568060874939 6.9972700774669629 5.6933127641677856 6.4623239487409601 4.9772962927818289 19.104811757802963 11.726309433579443 4.9238408654928207 5.4915742278099051 42.913264453411102
leaf_count=81 66 24 24 43 1136 292 20 109 112 22 20 111 22 58 20 38 108 58 28 20 115 28 23 26 20 79 48 20 22 172
internal_value=0 0.00595825 -0.00915339 0.00743453 0.00684064 0.00921633 0.00780331 0.00237831 0.00354724 -0.0164141 -0.0151161 -0.0161096 -0.0101152 0.00805645 -0.0119142 -0.00599932 -0.0169475 -0.0155903 -0.00714861 -0.0181756 -0.0185189 -0.0175249 -0.00455442 -0.00921356 -0.0134678 0.0102568 0.00979967 0.000331351 -0.0187086 -0.0189034
internal_weight=0 533.216 47.4546 485.761 364.328 121.433 299.678 64.6503 54.022 193.524 111.423 85.0369 10.4289 289.858 26.3859 34.4683 74.608 42.1356 28.5367 82.1012 77.111 12.9863 12.6476 15.8891 21.4058 101.598 82.4933 9.81988 32.4723 71.6189
internal_count=2965 2189 191 1998 1498 500 1234 264 221 776 447 341 42 1194 106 139 299 169 115 329 309 52 51 64 86 419 340 40 130 287
is_linear=0
shrinkage=0.01


Tree=12
num_leaves=31
num_cat=0
split_feature=0 12 1 1 1 1 1 1 1 0 1 0 12 1 1 1 1 12 1 1 12 1 12 1 1 1 1 0 1 1
split_gain=696.444 116.699 12.2772 5.05938 15.3838 6.62959 5.57086 4.40264 7.44329 4.3305 3.47679 4.18152 6.98757 3.25238 2.67769 2.11922 3.49418 3.23921 1.7516 5.84971 1.46322 1.45435 1.21739 0.987851 0.919642 4.45447 2.40582 0.778768 0.758767 0.678937
threshold=4199344.0000000009 1.482706697746907 702778652563.00012 702778666549.00012 1514623734509.5002 251391422524.00003 3985955690824.0005 702778672653.50012 1130691726105.5002 4208562.0000000009 702778648956.00012 4199368.5000000009 1.9759262816980594 3704300965984.0005 251391427567.00003 3704300946403.0005 3704300935508.0005 1.994262914445758 1264132462702.0002 702778669840.00012 1.9956098621939431 251391422524.00003 1.9868872088523377 251391424169.50003 330364824653.50006 251391427832.50003 602368684698.50012 4199337.0000000009 3704300962249.0005 702778669840.00012
decision_type=2 2 2 2 2 2 2 2 2 2 2 2 2 2 2 2 2 2 2 2 2 2 2 2 2 2 2 2 2 2
left_child=1 3 22 5 7 -1 13 -5 -9 10 14 12 -12 -6 23 16 17 -4 19 -13 21 -11 -3 -2 25 -7 -26 -8 -20 -23
right_child=9 2 15 4 6 24 27 8 -10 20 11 18 -14 -15 -16 -17 -18 -19 28 -21 -22 29 -24 -25 26 -27 -28 -29 -30 -31
leaf_value=0.0038499280181040732 -0.012139676674933896 -0.020175324259949088 -0.0074322397518498907 -0.0035262213895851948 0.0077477404016426301 0.012294619276320955 0.0031533636046854226 0.0072991820793184238 -0.00012821024275864139 -0.013363190593497496 -0.0021646711991862482 -0.018112487683106901 -0.018546935619480565 0.012683138727835211 -0.0051824176001413385 0.00011522152819994755 -0.01315101219214914 0.00096209230702329991 -0.019203386737487709 -0.010263365368492854 -0.012735417802322554 -0.019891605768376789 -0.014034542000230094 -0.01722239296721061 0.01693519520099231 0.0042257218802687737 0.010227660331993665 -0.0024791167552167042 -0.015126462373012104 -0.017905505563288331
leaf_weight=19.823870494961739 16.441065698862083 6.9989135116338712 16.15179733932019 10.632243633270262 275.42392313480377 15.002188891172411 4.8937815427780134 26.474428981542587 27.515599295496941 5.494577929377555 5.4367946237325651 27.722440376877785 4.9962995946407318 14.032629147171972 4.9816457629203788 4.9551045000553122 6.952066868543624 6.4257403016090384 26.991377830505371 14.440966606140135 4.9927236437797538 28.72503162920475 5.9925246685743332 4.9827144443988791 5.8034933805465689 12.577912047505377 68.029659882187843 4.9253547340631485 5.4942664653062812 42.942881986498833
leaf_count=81 66 28 65 43 1136 62 20 109 112 22 22 111 20 58 20 20 28 26 108 58 20 115 24 20 24 52 281 20 22 172
internal_value=0 0.00590542 -0.00905771 0.00736974 0.00678029 0.00913899 0.00773572 0.00235557 0.00351387 -0.0162399 -0.0149562 -0.0159399 -0.01001 0.007987 -0.0117862 -0.00593648 -0.00695196 -0.00504315 -0.0167687 -0.0154242 -0.0179819 -0.0183214 -0.0173428 -0.0133218 0.0101729 0.0086148 0.0107549 0.000328068 -0.0185139 -0.0187015
internal_weight=0 532.611 47.4761 485.135 363.898 121.237 299.276 64.6223 53.99 193.643 111.488 85.0821 10.4331 289.457 26.4054 34.4847 29.5296 22.5775 74.6491 42.1634 82.1552 77.1625 12.9914 21.4238 101.413 27.5801 73.8332 9.81914 32.4856 71.6679
internal_count=2965 2189 191 1998 1498 500 1234 264 221 776 447 341 42 1194 106 139 119 91 299 169 329 309 52 86 419 114 305 40 130 287
is_linear=0
shrinkage=0.01


Tree=13
num_leaves=31
num_cat=0
split_feature=0 13 1 1 1 1 1 1 1 1 1 0 1 0 2 1 2 1 1 2 13 1 13 2 2 1 1 1 1 1
split_gain=682.563 114.49 12.0334 4.97981 15.1359 6.52691 5.68579 6.65332 4.98588 4.58165 6.15034 4.24069 3.4122 4.09537 6.84478 2.61999 2.11733 1.72161 5.7332 1.49593 1.4328 1.42359 1.19769 1.19762 1.04606 0.9661 0.907171 3.08793 0.826035 0.744539
threshold=4199344.0000000009 1.4912772627279363 702778652563.00012 702778666549.00012 1646869332713.5002 251391422524.00003 1837832584809.0002 1955683365278.0002 1758355643419.5002 702778672653.50012 1130691726105.5002 4208562.0000000009 702778648956.00012 4199368.5000000009 48.500000000000007 251391427567.00003 11.500000000000002 1264132462702.0002 702778669840.00012 26.500000000000004 1.997802502343242 251391422524.00003 1.9897303623432658 24.500000000000004 19.500000000000004 251391424169.50003 702778660786.00012 702778656452.50012 702778663440.50012 3704300962249.0005
decision_type=2 2 2 2 2 2 2 2 2 2 2 2 2 2 2 2 2 2 2 2 2 2 2 2 2 2 2 2 2 2
left_child=1 3 23 5 9 -1 8 -8 -6 -5 -11 12 15 14 -14 25 -4 18 -15 24 21 -13 -21 -3 -18 -2 27 -7 -28 -19
right_child=11 2 16 4 6 26 7 -9 -10 10 -12 20 13 17 -16 -17 19 29 -20 22 -22 -23 -24 -25 -26 -27 28 -29 -30 -31
leaf_value=0.0038135799237038106 -0.01201002291822433 -0.013884977034659777 -0.00043865993113922089 -0.0034896759738533524 0.0077784636898785633 0.010495412437540512 0.0031890731029117787 0.0078789202809268436 0.016086529118970939 0.007235212826140606 0.00077705019209963703 -0.013224619346566305 -0.018353927119004111 -0.017922767837701612 -0.002142528219019267 -0.0051290746368489164 -0.0069214341559657149 -0.019007454507891656 -0.010154419621902097 -0.0072206613529393823 -0.0126027949258952 -0.018505226215772153 -0.0010378498405185788 -0.019974875427651858 -0.012141616406833197 -0.017034283184985882 0.014361560263552673 0.0052563240438451243 0.0099961483445430484 -0.014969626161174105
leaf_weight=19.812745273113251 16.452312588691719 5.995109349489212 5.9333908557891801 10.636133685708044 14.44649223983288 70.502254500985146 34.846659958362579 229.30488061904907 14.447114422917364 26.441579714417458 33.339223697781563 5.4966194331645957 4.998340979218483 27.735661432147026 5.4380475133657438 4.9831135571002951 9.4372630864381755 26.996881604194641 14.449896544218062 6.9618934094905907 4.9948001354932776 71.703768104314804 5.6968776881694794 6.9994125068187696 6.4707652032375345 4.9873373657464972 8.6423482000827807 13.386133491992949 8.6961779147386533 5.496300444006919
leaf_count=81 66 24 24 43 60 292 144 946 60 109 136 22 20 111 22 20 38 108 58 28 20 287 23 28 26 20 36 55 36 22
internal_value=0 0.00585318 -0.00896361 0.00730564 0.00672059 0.00906245 0.00772092 0.00726024 0.0119326 0.00255762 0.00363355 -0.0160699 -0.0147999 -0.0157744 -0.00990672 -0.0116607 -0.00587445 -0.0165944 -0.0152619 -0.00700348 -0.0177934 -0.0181293 -0.00443819 -0.0171653 -0.0090448 -0.0131788 0.0100898 0.00965941 0.0121721 -0.0183244
internal_weight=0 531.996 47.4947 484.502 363.462 121.04 293.045 264.152 28.8936 70.4169 59.7808 193.733 111.538 85.1151 10.4364 26.4228 34.5002 74.6787 42.1856 28.5668 82.1952 77.2004 12.6588 12.9945 15.908 21.4396 101.227 83.8884 17.3385 32.4932
internal_count=2965 2189 191 1998 1498 500 1210 1090 120 288 245 776 447 341 42 106 139 299 169 115 329 309 51 52 64 86 419 347 72 130
is_linear=0
shrinkage=0.01


Tree=14
num_leaves=31
num_cat=0
split_feature=0 12 1 1 1 1 1 0 1 0 1 0 2 1 1 1 1 12 1 1 1 1 1 12 1 1 1 1 0 1
split_gain=669.033 112.325 11.7982 4.9028 14.8894 6.42682 5.48898 4.28725 6.10813 4.15501 3.35054 4.01256 6.70693 3.20661 2.56423 2.07886 3.41443 3.13816 1.69318 5.62195 1.41714 3.8814 1.70168 1.18738 0.945338 0.911849 4.39487 2.37666 0.764237 0.73112
threshold=4199344.0000000009 1.482706697746907 702778652563.00012 702778666549.00012 1514623734509.5002 251391422524.00003 3985955690824.0005 4199305.5000000009 1130691726105.5002 4208562.0000000009 702778648956.00012 4199368.5000000009 48.500000000000007 3704300965984.0005 251391427567.00003 3704300946403.0005 3704300935508.0005 1.994262914445758 1264132462702.0002 702778669840.00012 1861025321288.0002 702778668003.00012 251391422524.00003 1.9868872088523377 251391424169.50003 330364824653.50006 251391427832.50003 602368684698.50012 4199337.0000000009 3704300962249.0005
decision_type=2 2 2 2 2 2 2 2 2 2 2 2 2 2 2 2 2 2 2 2 2 2 2 2 2 2 2 2 2 2
left_child=1 3 23 5 7 -1 13 -5 -9 10 14 12 -12 -6 24 16 17 -4 19 -13 21 22 -11 -3 -2 26 -7 -27 -8 -20
right_child=9 2 15 4 6 25 28 8 -10 20 11 18 -14 -15 -16 -17 -18 -19 29 -21 -22 -23 -24 -25 -26 27 -28 -29 -30 -31
leaf_value=0.0037775821858805942 -0.011882703025198078 -0.019790320278148952 -0.0072813446324915976 -0.0044946843839311895 0.007615573659198893 0.012118097382203498 0.0030481155804286094 0.0062735554520533723 -0.00033477725641899457 -0.013088691206835661 -0.018166093858226439 -0.017738003640273167 -0.002120621683656117 0.012525289248675551 -0.0050763629445826587 0.00017902451188214094 -0.012941450132714662 0.00097939299791745607 -0.018816994483362114 -0.010047219315496384 -0.019106847980193124 -0.011623898364929171 -0.019160737137083578 -0.013726879079806669 -0.016850862779749908 0.016747544120314765 0.0040897555883812556 0.010063976203336298 -0.0025347857246829403 -0.014816148334053649
leaf_weight=19.801588922739029 16.462256908416755 6.9984581768512708 16.168192386627204 8.1037994474172574 274.67531031370163 14.939168930053713 4.8857773989438993 30.911218822002411 25.546539694070816 5.4981574565172187 4.9995156526565552 27.744273066520691 5.4392753541469556 13.979541376233099 4.9845008701086035 4.9578830897808066 6.9619696140289298 6.4266690760850897 26.997428134083748 14.457990229129789 35.743004769086838 12.234848976135252 28.745721951127052 5.9971387088298798 4.9911875128746024 5.7737061977386466 12.543935239315031 67.778700113296509 4.9220731407403946 5.4976957142353049
leaf_count=81 66 28 65 33 1136 62 20 127 104 22 20 111 22 58 20 20 28 26 108 58 143 49 115 24 20 24 52 281 20 22
internal_value=0 0.00580152 -0.00887104 0.00724221 0.00666146 0.00898695 0.00760338 0.00230705 0.00328335 -0.0159041 -0.0146471 -0.0156128 -0.00980538 0.00785335 -0.0115374 -0.00581324 -0.00681839 -0.00493174 -0.0164243 -0.0151032 -0.0176098 -0.0164585 -0.0181858 -0.0169922 -0.0130386 0.0100079 0.00845377 0.0105886 0.000246335 -0.0181401
internal_weight=0 531.372 47.5103 483.861 363.024 120.837 298.463 64.5616 56.4578 193.796 111.574 85.1362 10.4388 288.655 26.4379 34.5147 29.5568 22.5949 74.6974 42.2023 82.2217 46.4787 34.2439 12.9956 21.4534 101.036 27.4831 73.5524 9.80785 32.4951
internal_count=2965 2189 191 1998 1498 500 1234 264 231 776 447 341 42 1194 106 139 119 91 299 169 329 186 137 52 86 419 114 305 40 130
is_linear=0
shrinkage=0.01


Tree=15
num_leaves=31
num_cat=0
split_feature=0 13 1 1 1 1 1 1 1 1 1 0 1 0 2 1 2 1 1 2 13 1 2 13 2 1 1 1 1 1
split_gain=655.845 110.204 11.5711 4.82711 14.6439 6.32857 5.61532 6.55138 4.92932 4.49513 5.96674 4.07406 3.29163 3.93291 6.57377 2.5103 2.04721 1.66621 5.51565 1.46436 1.40513 1.36887 1.16944 1.16812 1.02295 0.925507 0.900696 3.63532 0.718457 0.676684
threshold=4199344.0000000009 1.4912772627279363 702778652563.00012 702778666549.00012 1646869332713.5002 251391422524.00003 1837832584809.0002 1955683365278.0002 1758355643419.5002 702778672653.50012 1130691726105.5002 4208562.0000000009 702778648956.00012 4199368.5000000009 48.500000000000007 251391427567.00003 11.500000000000002 1264132462702.0002 702778669840.00012 26.500000000000004 1.997802502343242 251391422524.00003 24.500000000000004 1.9897303623432658 19.500000000000004 251391424169.50003 702778660262.50012 702778656452.50012 3704300962249.0005 702778663440.50012
decision_type=2 2 2 2 2 2 2 2 2 2 2 2 2 2 2 2 2 2 2 2 2 2 2 2 2 2 2 2 2 2
left_child=1 3 22 5 9 -1 8 -8 -6 -5 -11 12 15 14 -14 25 -4 18 -15 24 21 -13 -3 -21 -18 -2 27 -7 -19 -28
right_child=11 2 16 4 6 26 7 -9 -10 10 -12 20 13 17 -16 -17 19 28 -20 23 -22 -23 -24 -25 -26 -27 29 -29 -30 -31
leaf_value=0.0037419299208914189 -0.011757645908778256 -0.013583569820900296 -0.00040825500900491763 -0.0034822073414882944 0.0076477706140400904 0.010331207777865873 0.00308718343092602 0.0077457776677127459 0.015924497819447256 0.0071267045678523114 0.00076141261516169615 -0.012955317789650507 -0.017983223976630099 -0.017557988065046482 -0.0020989486345795801 -0.0050242733501886854 -0.0067818828791342631 -0.018631776664586732 -0.0099417148484933111 -0.007071261613776747 -0.012292511460172458 -0.018132221685220076 -0.019601107945757559 -0.0009675498047978674 -0.011941374709035796 -0.016671945155141914 0.013626848574973227 0.0043040899063943308 -0.014665907713806688 0.009833048826452721
leaf_weight=19.790406093001366 16.470935150980957 5.9984212666749954 5.9350189864635423 10.636841520667074 14.403014123439791 70.228065624833107 34.778353810310364 228.67054361104965 14.379580244421957 26.383930757641792 33.330187037587166 5.4992069303989402 4.9998495727777481 27.748412445187569 5.4404789358377439 4.9858100712299338 9.4465681314468348 26.993167594075203 14.465271338820456 6.968627214431768 4.9979965984821311 71.736579343676567 6.9963193386793119 5.7001204490661621 6.4778606295585641 4.9942876845598212 10.280786707997324 11.670486018061636 5.4984707832336417 8.6633448004722577
leaf_count=81 66 24 24 43 60 292 144 946 60 109 136 22 20 111 22 20 38 108 58 28 20 287 28 23 26 20 43 48 22 36
internal_value=0 0.00575041 -0.00877999 0.00717943 0.00660293 0.00891221 0.00758897 0.00713079 0.0117828 0.00250699 0.00357384 -0.0157422 -0.0144977 -0.0154549 -0.00970589 -0.0114163 -0.00575284 -0.0162584 -0.0149481 -0.0068622 -0.0174311 -0.0177636 -0.0168234 -0.00432498 -0.0088807 -0.0129011 0.00992688 0.00947235 -0.0179606 0.0118919
internal_weight=0 530.738 47.5229 483.216 362.582 120.633 292.231 263.449 28.7826 70.351 59.7141 193.83 111.597 85.1457 10.4403 26.451 34.5282 74.7053 42.2137 28.5932 82.2338 77.2358 12.9947 12.6687 15.9244 21.4652 100.843 81.8986 32.4916 18.9441
internal_count=2965 2189 191 1998 1498 500 1210 1090 120 288 245 776 447 341 42 106 139 299 169 115 329 309 52 51 64 86 419 340 130 79
is_linear=0
shrinkage=0.01


Tree=16
num_leaves=31
num_cat=0
split_feature=0 13 1 1 1 1 1 1 0 0 1 0 2 1 1 1 13 1 1 1 1 1 13 1 1 0 1 0 2 1
split_gain=642.983 108.127 11.352 4.831 4.01891 15.7878 6.23276 4.89721 4.41548 3.9961 3.23533 3.85625 6.44508 2.45813 2.03965 3.33781 3.04083 1.64061 5.41401 1.3862 3.82033 1.64309 1.16055 0.90655 0.904454 0.749962 0.706504 0.594543 0.427078 0.26953
threshold=4199344.0000000009 1.4912772627279363 702778652563.00012 3985955690824.0005 702778666549.00012 1646869332713.5002 251391422524.00003 1837832584809.0002 4199305.5000000009 4208562.0000000009 702778648956.00012 4199368.5000000009 48.500000000000007 251391427567.00003 3704300946403.0005 3704300935508.0005 1.9971273168321197 1264132462702.0002 702778669840.00012 1861025321288.0002 702778668003.00012 251391422524.00003 1.9934219549570169 251391424169.50003 330364824653.50006 4199337.0000000009 3704300962249.0005 4199312.5000000009 13.500000000000002 702778651717.50012
decision_type=2 2 2 2 2 2 2 2 2 2 2 2 2 2 2 2 2 2 2 2 2 2 2 2 2 2 2 2 2 2
left_child=1 3 22 4 6 8 27 -7 -6 10 13 12 -12 23 15 16 -4 18 -13 20 21 -11 -3 -2 -8 -5 -19 -1 -21 -23
right_child=9 2 14 25 5 7 24 -9 -10 19 11 17 -14 -15 -16 -17 -18 26 -20 28 -22 29 -24 -25 -26 -27 -28 -29 -30 -31
leaf_value=0.0064667381160080223 -0.011634779893339012 -0.019426960863266441 -0.007134408343707958 0.002945147622505031 -0.0044588171470580189 0.011693342152438377 0.00829644302708454 0.0073357056277552624 0.003387669749711871 -0.012824416232109438 -0.017805114508510227 -0.017382533164332203 -0.0020775065985043349 -0.0049727944109278117 0.00024086387240537929 -0.012738220220486318 0.0009958148268737609 -0.018451586620612886 -0.0098378606669350527 -0.016026691933160541 -0.011323705360832489 -0.019874949881343969 -0.013431827994675238 -0.016497349273506823 0.010426585155835076 -0.0025885786133500797 -0.01451878772534116 0.0026175732503344947 -0.019178095993923772 -0.01792586009433219
leaf_weight=5.5961449593305614 16.478383705019958 6.9929192215204221 16.182547390460975 4.8776783943176252 8.1062856018543226 28.71306973695755 27.38318096101284 253.30794496834278 62.211155489087105 5.499781757593154 4.9993675351142883 27.748210251331329 5.4416584074497205 4.9870430976152411 4.9604516029357901 6.9704253226518622 6.4274826198816291 26.984244033694267 14.47176234424114 4.9995742887258521 12.242727681994436 12.748906642198564 5.9990737587213516 4.9966595768928519 73.261782616376877 4.9188413023948669 5.4986441582441321 14.183054223656653 30.745696142315865 15.997672259807585
leaf_count=23 66 28 65 20 33 120 114 1050 255 22 20 111 22 20 20 28 26 108 58 20 49 51 24 20 305 20 22 58 123 64
internal_value=0 0.0056999 -0.00869036 0.00711737 0.0072614 0.00672237 0.00883849 0.00777936 0.00248312 -0.015584 -0.0143515 -0.0153007 -0.00960819 -0.0112974 -0.0056932 -0.00668831 -0.00482318 -0.0160963 -0.0147964 -0.0172567 -0.0161182 -0.0178322 -0.0166587 -0.0127662 0.00984702 0.000166659 -0.0177858 0.00370662 -0.0187373 -0.0187903
internal_weight=0 530.092 47.5329 482.559 472.763 352.338 120.424 282.021 70.3174 193.84 111.606 85.1439 10.441 26.4621 34.5409 29.5805 22.61 74.7029 42.22 82.2344 46.4891 34.2464 12.992 21.475 100.645 9.79652 32.4829 19.7792 35.7453 28.7466
internal_count=2965 2189 191 1998 1958 1458 500 1170 288 776 447 341 42 106 139 119 91 299 169 329 186 137 52 86 419 40 130 81 143 115
is_linear=0
shrinkage=0.01


Tree=17
num_leaves=31
num_cat=0
split_feature=12 1 1 1 1 1 1 1 1 1 1 1 1 1 1 1 1 1 3 1 1 12 1 1 1 1 1 1 12 1
split_gain=79.0817 49.791 25.8442 20.9797 13.1045 17.1694 16.4527 12.4694 47.8875 9.43074 8.97306 6.10377 20.0889 5.65723 5.43684 4.22241 3.78732 3.2218 3.11453 2.82324 2.59148 2.25351 2.07701 1.55221 1.09471 1.11933 1.05806 1.5059 0.926274 0.513958
threshold=1.482706697746907 1514623717848.0002 3704300937771.0005 1514623710916.5002 871682468758.00012 702778666549.00012 1130691726105.5002 2946978532227.5005 2777491176212.0005 2860804091963.5005 702778652563.00012 3704300964478.0005 3704300959894.0005 251391428948.00003 3985955690245.0005 3704300939284.5005 3771587233452.0005 702778669840.00012 10.500000000000002 4187424688887.0005 2177228729974.5002 1.9929177889658176 1514623714064.0002 702778672653.50012 3333170045503.0005 2986784370271.0005 3704300945881.0005 3704300935508.0005 1.9868872088523377 3475289722802.5005
decision_type=2 2 2 2 2 2 2 2 2 2 2 2 2 2 2 2 2 2 2 2 2 2 2 2 2 2 2 2 2 2
left_child=1 3 7 4 5 13 -6 8 20 -10 28 12 15 -1 16 -4 -13 -7 -12 -16 -3 26 -5 -23 25 -9 27 -20 -2 -26
right_child=10 2 11 22 6 17 -8 24 9 -11 18 14 -14 -15 19 -17 -18 -19 21 -21 -22 23 -24 -25 29 -27 -28 -29 -30 -31
leaf_value=-0.0029716578557522967 -0.01925565139518939 0.0056166513138705774 -0.0075194063563871595 -0.016824352996852934 0.014132484613458524 -0.010979928075797594 -0.0041310386654972563 0.0091608187884745923 -0.0034507783142605042 -0.015654515855287664 -0.0014274522345775901 0.0032219741471270569 -0.011661570854093433 0.00058968204223194256 -0.0034513834458420106 0.0013103879070318404 0.012625398314231269 -0.0055066458408946188 -0.0070364517550272013 0.0056328758149249208 0.0083920544343590916 -0.0079919851456194107 -0.0091614983164804639 -0.014651140860200605 0.0067196952364762886 0.014132562544942374 -0.0032946969620614242 -0.013102546934273235 -0.014552033340697743 0.0090877673068189141
leaf_weight=68.47843511402607 7.4877515435218838 89.25633929669857 5.8649151623249045 8.7054595798253995 11.542078688740732 14.431681379675863 8.6135265529155713 10.577849179506304 28.063451707363129 8.1774552315473539 5.9577195048332205 9.7294749319553393 16.077065989375114 127.93926264345646 11.26817035675049 70.717733278870583 7.651438280940055 42.212328746914864 18.695534452795989 4.9126386344432822 53.995475515723228 5.4738806635141364 5.9580231904983512 9.7088664174079877 12.984783142805098 7.9180410951375952 4.9720210880041114 5.239260032773017 9.4968377798795682 31.156303331255913
leaf_count=279 30 370 24 35 48 58 35 44 115 33 24 40 65 526 46 291 32 171 75 20 224 22 24 39 54 33 20 21 38 129
internal_value=0 0.00105777 0.0034929 -0.00205804 -0.00143264 -0.00205072 0.00632754 0.00540536 0.00406479 -0.00620445 -0.0103452 -0.000175761 -0.00149922 -0.000651932 0.00347813 0.000634177 0.00736156 -0.00690112 -0.00821377 -0.000693321 0.00666278 -0.00913079 -0.0137108 -0.0122503 0.00924692 0.0112892 -0.00749232 -0.0083643 -0.0166256 0.00839116
internal_weight=0 656.232 368.351 287.881 273.217 253.062 20.1556 242.13 179.493 36.2409 67.0319 126.221 92.6597 196.418 33.5617 76.5826 17.3809 56.644 50.0473 16.1808 143.252 44.0896 14.6635 15.1827 62.637 18.4959 28.9068 23.9348 16.9846 44.1411
internal_count=2965 2696 1520 1176 1117 1034 83 1002 742 148 269 518 380 805 138 315 72 229 201 66 594 177 59 61 260 77 116 96 68 183
is_linear=0
shrinkage=0.01


Tree=18
num_leaves=31
num_cat=0
split_feature=13 1 1 1 1 1 1 1 1 1 1 1 1 1 1 1 1 1 3 1 1 13 1 2 2 2 1 1 1 2
split_gain=77.5038 48.8326 25.3725 20.5579 12.8539 16.8176 16.1774 12.2612 46.9802 9.24269 8.81407 5.98522 19.6805 5.54288 5.33918 4.13576 3.73129 3.1582 3.0506 2.76757 2.54993 2.20698 2.03713 1.56461 1.17135 1.31866 1.0804 1.10511 1.02961 0.991962
threshold=1.4912772627279363 1514623717848.0002 3704300937771.0005 1514623710916.5002 871682468758.00012 702778666549.00012 1130691726105.5002 2946978532227.5005 2777491176212.0005 2860804091963.5005 702778652563.00012 3704300964478.0005 3704300959894.0005 251391428948.00003 3985955690245.0005 3704300939284.5005 3771587233452.0005 702778669840.00012 10.500000000000002 4187424688887.0005 2177228729974.5002 1.9964525882004638 1514623714064.0002 8.5000000000000018 20.500000000000004 32.500000000000007 3333170045503.0005 2986784370271.0005 2777491174721.0005 24.500000000000004
decision_type=2 2 2 2 2 2 2 2 2 2 2 2 2 2 2 2 2 2 2 2 2 2 2 2 2 2 2 2 2 2
left_child=1 3 7 4 5 13 -6 8 20 -10 29 12 15 -1 16 -4 -13 -7 -12 -16 -3 24 -5 28 -20 -26 27 -9 -23 -2
right_child=10 2 11 22 6 17 -8 26 9 -11 18 14 -14 -15 19 -17 -18 -19 21 -21 -22 23 -24 -25 25 -27 -28 -29 -30 -31
leaf_value=-0.0029410251778279064 -0.014256669742247074 0.0055662640750349605 -0.0074377805826952616 -0.016655024575897393 0.014030708737783931 -0.010866988257646098 -0.0040877519901032023 0.0090857662676386772 -0.0034148163204953297 -0.015494716177175596 -0.0014130351676584457 0.0031912289318794212 -0.01154031839132077 0.00058382996498804163 -0.0034154009518987207 0.0012975321334823295 0.01253277283587065 -0.0054489140546265845 -0.0052581874744087962 0.005580471257375025 0.0083212055260139077 -0.0066261859843116302 -0.0090669225737149937 -0.016718256125011127 -0.011535278295793452 -0.005488142044072216 0.0083198767368598894 0.014031831658851203 -0.012979589690381561 -0.019110508532689991
leaf_weight=68.499665096402168 9.2447930276393908 89.16413202881813 5.8699611276388159 8.7060227990150434 11.509706854820253 14.435830682516096 8.617669612169264 10.558670371770861 28.075343132019043 8.1791632026433927 5.9583173394203177 9.7250022739172 16.083491951227188 127.92951913177967 11.272991701960565 70.704290062189102 7.6310100257396689 42.232873424887657 13.458597958087919 4.9092013984918585 53.911080107092857 4.9785456955432874 5.95995870232582 4.9798957705497733 9.7261094897985423 5.7308667749166533 44.074437484145164 7.8952480405569068 5.2304311990737915 7.731702893972396
leaf_count=279 37 370 24 35 48 58 35 44 115 33 24 40 65 526 46 291 32 171 54 20 224 20 24 20 39 23 183 33 21 31
internal_value=0 0.00104768 0.0034608 -0.00203738 -0.00141826 -0.00202992 0.00627317 0.00535737 0.00402783 -0.00614009 -0.0102406 -0.000174021 -0.00148425 -0.000645373 0.00344581 0.000627908 0.00729848 -0.00682912 -0.0081291 -0.000686318 0.00660433 -0.00903641 -0.0135714 -0.0121229 -0.00741514 -0.00929323 0.00917044 0.0112019 -0.00988127 -0.0164673
internal_weight=0 655.945 368.054 287.891 273.225 253.098 20.1274 241.858 179.33 36.2545 67.0393 126.196 92.6577 196.429 33.5382 76.5743 17.356 56.6687 50.0628 16.1822 143.075 44.1044 14.666 15.1889 28.9156 15.457 62.5284 18.4539 10.209 16.9765
internal_count=2965 2696 1520 1176 1117 1034 83 1002 742 148 269 518 380 805 138 315 72 229 201 66 594 177 59 61 116 62 260 77 41 68
is_linear=0
shrinkage=0.01


Tree=19
num_leaves=31
num_cat=0
split_feature=12 1 1 1 1 1 1 1 1 1 1 1 1 1 1 1 1 1 3 1 1 12 1 1 1 1 1 1 12 1
split_gain=75.9615 47.8935 24.91 20.1471 12.6084 16.4737 15.9081 12.0574 46.0908 9.06028 8.66093 5.86907 19.2818 5.43089 5.24343 4.051 3.6765 3.09634 2.98824 2.71304 2.50925 2.16207 1.99885 1.5124 1.06641 1.09136 1.03043 1.48038 0.906788 0.505577
threshold=1.482706697746907 1514623717848.0002 3704300937771.0005 1514623710916.5002 871682468758.00012 702778666549.00012 1130691726105.5002 2946978532227.5005 2777491176212.0005 2860804091963.5005 702778652563.00012 3704300964478.0005 3704300959894.0005 251391428948.00003 3985955690245.0005 3704300939284.5005 3771587233452.0005 702778669840.00012 10.500000000000002 4187424688887.0005 2177228729974.5002 1.9929177889658176 1514623714064.0002 702778672653.50012 3333170045503.0005 2986784370271.0005 3704300945881.0005 3704300935508.0005 1.9868872088523377 3475289722802.5005
decision_type=2 2 2 2 2 2 2 2 2 2 2 2 2 2 2 2 2 2 2 2 2 2 2 2 2 2 2 2 2 2
left_child=1 3 7 4 5 13 -6 8 20 -10 28 12 15 -1 16 -4 -13 -7 -12 -16 -3 26 -5 -23 25 -9 27 -20 -2 -26
right_child=10 2 11 22 6 17 -8 24 9 -11 18 14 -14 -15 19 -17 -18 -19 21 -21 -22 23 -24 -25 29 -27 -28 -29 -30 -31
leaf_value=-0.0029107293310154086 -0.018917901175953666 0.0055163603601970394 -0.0073573077804894816 -0.016489685673273694 0.013930709053787191 -0.010755876041867639 -0.004044973304017525 0.0090115555143861353 -0.0033792625656455843 -0.015338394596161134 -0.0013987663218688556 0.0031607785523875319 -0.011421121004857209 0.00057803554313791514 -0.0033798281638822217 0.0012848006217449804 0.012441521929358606 -0.005391894145005475 -0.0068829536603163622 0.0055286032451369394 0.008251121472003858 -0.0077954238157345295 -0.0089737195509680106 -0.014366448083600332 0.0065892110618486219 0.013932855143137189 -0.0031975119906330471 -0.012895594058260823 -0.014261133948277334 0.0089414428169399662
leaf_weight=68.520394071936607 7.4741948246955898 89.071515634655952 5.8747995048761359 8.7053852528333646 11.476570531725885 14.439091250300406 8.6216999739408475 10.539263352751734 28.086957573890686 8.1798916608095151 5.9589032828807822 9.7205265611410159 16.088807344436646 127.91985195875168 11.277700543403627 70.690922096371651 7.6102133244276038 42.252594351768494 18.706665709614761 4.9057236313819876 53.825733006000519 5.4770080000162116 5.9616327285766593 9.7167733311653119 12.945985943078993 7.8719381690025321 4.9746932089328757 5.2424716651439658 9.4919509440660459 31.060527667403221
leaf_count=279 30 370 24 35 48 58 35 44 115 33 24 40 65 526 46 291 32 171 75 20 224 22 24 39 54 33 20 21 38 129
internal_value=0 0.0010377 0.00342906 -0.00201695 -0.00140404 -0.00200934 0.00621955 0.00530991 0.00399128 -0.00607661 -0.0101377 -0.000172301 -0.00146945 -0.000638882 0.00341385 0.000621702 0.00723611 -0.00675807 -0.00804558 -0.000679392 0.00654647 -0.00894336 -0.0134347 -0.0119977 0.00909491 0.0111157 -0.00733888 -0.00819912 -0.0163126 0.00824946
internal_weight=0 655.648 367.751 287.897 273.23 253.132 20.0983 241.582 179.164 36.2668 67.0427 126.169 92.6545 196.44 33.5142 76.5657 17.3307 56.6917 50.0765 16.1834 142.897 44.1176 14.667 15.1938 62.4177 18.4112 28.9238 23.9491 16.9661 44.0065
internal_count=2965 2696 1520 1176 1117 1034 83 1002 742 148 269 518 380 805 138 315 72 229 201 66 594 177 59 61 260 77 116 96 68 183
is_linear=0
shrinkage=0.01


Tree=20
num_leaves=31
num_cat=0
split_feature=13 1 1 1 1 1 1 1 1 1 1 1 1 1 1 1 1 1 3 1 1 13 1 2 2 2 1 1 1 2
split_gain=74.455 46.9732 24.4564 19.7469 12.368 16.2451 15.6444 12.6656 11.8572 45.2189 8.88326 8.51301 5.75527 18.8926 5.14954 3.96808 3.81239 3.62292 2.92754 2.6596 2.46941 2.11847 1.9621 1.53759 1.1465 1.29134 1.05285 1.07806 0.995633 0.972163
threshold=1.4912772627279363 1514623717848.0002 3704300937771.0005 1514623710916.5002 871682468758.00012 702778656452.50012 1130691726105.5002 251391428948.00003 2946978532227.5005 2777491176212.0005 2860804091963.5005 702778652563.00012 3704300964478.0005 3704300959894.0005 3985955690245.0005 3704300939284.5005 702778666549.00012 3771587233452.0005 10.500000000000002 4187424688887.0005 2177228729974.5002 1.9964525882004638 1514623714064.0002 8.5000000000000018 20.500000000000004 32.500000000000007 3333170045503.0005 2986784370271.0005 2777491174721.0005 24.500000000000004
decision_type=2 2 2 2 2 2 2 2 2 2 2 2 2 2 2 2 2 2 2 2 2 2 2 2 2 2 2 2 2 2
left_child=1 3 8 4 5 7 -6 -1 9 20 -11 29 13 15 17 -4 -7 -14 -13 -16 -3 24 -5 28 -20 -26 27 -10 -23 -2
right_child=11 2 12 22 6 16 -8 -9 26 10 -12 18 14 -15 19 -17 -18 -19 21 -21 -22 23 -24 -25 25 -27 -28 -29 -30 -31
leaf_value=-0.0028807669331992131 -0.013973057694957087 0.0054669331906793198 -0.0072779619209534961 -0.016328185948431394 0.013832430832012443 -0.0029571720071514505 -0.004002694046718447 0.0030674393794063301 0.0089381666667507093 -0.003344112567481846 -0.015185422066251581 -0.0013846447694809306 0.0031306202466841425 -0.011303917756858309 -0.0033446591088276928 0.0012721933375383129 -0.0066879668628840733 0.012351606427587461 -0.0051301335055863153 0.005477262605332006 0.0081817875443257644 -0.0064527804880608565 -0.008881855804433415 -0.016428617178130593 -0.01133914944547415 -0.0053568765770717862 0.0081797080592515801 0.013835578244535292 -0.012698925393051425 -0.018781748255166254
leaf_weight=68.540633395314217 9.2379958927631396 88.978519052267075 5.8794355839490882 8.703582435846327 11.442699134349825 52.975062012672424 8.6256204396486265 74.935199335217476 10.51963919401169 28.098301514983177 8.1796703189611417 5.9594775438308707 9.7160486876964587 16.093043729662895 11.282298967242243 70.677631840109825 56.713003233075142 7.5890633463859549 13.464061111211775 4.9022072106599799 53.739477902650833 4.9807534068822843 5.9630530774593344 4.9833871722221366 9.7321221530437434 5.7345304340124175 43.938282012939453 7.8481314182281485 5.2333632409572601 7.7155999541282645
leaf_count=279 37 370 24 35 48 217 35 309 44 115 33 24 40 65 46 291 229 32 54 20 224 20 24 20 39 23 183 33 21 31
internal_value=0 0.00102783 0.00339766 -0.00199676 -0.00138998 -0.00198899 0.00616667 0.000225889 0.00526295 0.00395511 -0.006014 -0.0100365 -0.000170601 -0.00145482 0.00338223 0.000615558 -0.00488614 0.00717443 -0.00796334 -0.000672542 0.00648919 -0.00885179 -0.0133007 -0.0118748 -0.00726375 -0.00912112 0.00902018 0.0110307 -0.00965309 -0.0161615
internal_weight=0 655.341 367.442 287.899 273.232 253.164 20.0683 143.476 241.302 178.996 36.278 67.0413 126.14 92.6501 33.4896 76.5571 109.688 17.3051 50.0877 16.1845 142.718 44.1282 14.6666 15.1975 28.9307 15.4667 62.3061 18.3678 10.2141 16.9536
internal_count=2965 2696 1520 1176 1117 1034 83 588 1002 742 148 269 518 380 138 315 446 72 201 66 594 177 59 61 116 62 260 77 41 68
is_linear=0
shrinkage=0.01


Tree=21
num_leaves=31
num_cat=0
split_feature=12 1 1 1 1 1 1 1 1 1 1 1 1 1 1 1 1 1 3 1 1 12 1 1 1 1 1 1 1 12
split_gain=72.9823 46.0713 24.0116 19.357 12.1326 15.9133 15.3864 12.4151 11.6612 44.3642 8.7114 8.37036 5.65082 13.1963 7.23445 5.60627 3.88696 3.7342 2.8683 2.60724 2.43038 2.07637 1.92678 1.49959 1.47505 1.03959 1.06519 1.00383 1.45588 0.889493
threshold=1.482706697746907 1514623717848.0002 3704300937771.0005 1514623710916.5002 871682468758.00012 702778656452.50012 1130691726105.5002 251391428948.00003 2946978532227.5005 2777491176212.0005 2860804091963.5005 702778652563.00012 3704300965984.0005 3704300959894.0005 3985955690245.0005 3704300964478.0005 3704300939284.5005 702778666549.00012 10.500000000000002 4187424688887.0005 2177228729974.5002 1.9929177889658176 1514623714064.0002 3771587233452.0005 702778672653.50012 3333170045503.0005 2986784370271.0005 3704300945881.0005 3704300935508.0005 1.9868872088523377
decision_type=2 2 2 2 2 2 2 2 2 2 2 2 2 2 2 2 2 2 2 2 2 2 2 2 2 2 2 2 2 2
left_child=1 3 8 4 5 7 -6 -1 9 20 -11 29 13 16 23 -15 -4 -7 -13 -16 -3 27 -5 -14 -23 26 -10 28 -20 -2
right_child=11 2 12 22 6 17 -8 -9 25 10 -12 18 14 15 19 -17 -18 -19 21 -21 -22 24 -24 -25 -26 -27 -28 -29 -30 -31
leaf_value=-0.002851133118976285 -0.018598177117981118 0.0054179764679981226 -0.0071997191572677824 -0.016170378571537067 0.013735822773913695 -0.0029266494082752534 -0.0039609074714281522 0.0030381191517456765 0.0088655815999397342 -0.0033093603924973874 -0.015035678464105862 -0.0013706679161688958 0.0051403987252643581 -0.011188649306188096 -0.003309887954914624 0.0010654352435023123 0.0012597077920147826 -0.0066183054296292667 -0.0067334963727485606 0.0054264439573906776 0.0081131882497452509 -0.0076047418717731761 -0.008791297810843552 0.012262987707030248 -0.014092846563959111 0.0081107866775557789 0.013739951504227939 -0.003102933106638406 -0.012694917514995184 -0.013981909599360982
leaf_weight=68.560392439365387 7.4558710604906109 88.885171204805374 5.8838745653629294 8.7006498426198942 11.408120855689051 52.992184445261955 8.6294334828853589 74.901961401104927 10.499808400869371 28.109379172325134 8.1785273700952512 5.9600404202938071 4.8506219536066073 16.096232935786251 11.286790132522585 4.8609479218721381 70.664420858025551 56.73671866953373 18.715471044182785 4.8986536264419547 53.652359530329704 5.4790355116128913 5.9642267376184455 7.5675744861364365 9.7209920585155469 43.868878304958344 7.8238469660282126 4.977068528532981 5.2446032464504233 9.4830520600080472
leaf_count=279 30 370 24 35 48 217 35 309 44 115 33 24 20 65 46 20 291 229 75 20 224 22 24 32 39 183 33 20 21 38
internal_value=0 0.00101807 0.0033666 -0.00197681 -0.00137608 -0.00196888 0.0061145 0.000223656 0.00521651 0.00391933 -0.00595222 -0.00993692 -0.00016892 -0.00131543 0.00373937 -0.00834636 0.000609475 -0.00483547 -0.0078822 -0.000665767 0.00643248 -0.00876148 -0.0131693 0.00948086 -0.0117541 0.00894637 0.0109468 -0.00718951 -0.00803839 -0.0160138
internal_weight=0 655.021 367.127 287.894 273.229 253.191 20.0376 143.462 241.018 178.825 36.2879 67.0361 126.109 97.5055 28.6036 20.9572 76.5483 109.729 50.0972 16.1854 142.538 44.1372 14.6649 12.4182 15.2 62.1925 18.3237 28.9371 23.9601 16.9389
internal_count=2965 2696 1520 1176 1117 1034 83 588 1002 742 148 269 518 400 118 85 315 446 201 66 594 177 59 52 61 260 77 116 96 68
is_linear=0
shrinkage=0.01


Tree=22
num_leaves=31
num_cat=0
split_feature=0 13 1 1 1 1 1 1 1 0 0 1 1 0 2 1 2 2 1 2 1 1 1 13 2 2 1 1 1 1
split_gain=614.587 97.9094 10.3375 5.42706 13.0784 5.87203 5.38492 6.65531 4.91323 4.20299 3.9947 4.76447 2.9517 3.75191 6.03758 2.28849 2.12291 1.60864 1.74573 1.44181 1.33334 5.65312 1.24142 1.13763 1.11197 0.976554 0.947053 4.04407 0.882931 0.653026
threshold=4199344.0000000009 1.4912772627279363 702778652563.00012 702778666549.00012 1646869332713.5002 251391422524.00003 1837832584809.0002 1955683365278.0002 1758355643419.5002 4208562.0000000009 4199305.5000000009 1130691726105.5002 702778648956.00012 4199368.5000000009 48.500000000000007 251391427567.00003 11.500000000000002 13.500000000000002 251391422524.00003 26.500000000000004 1264132462702.0002 702778669840.00012 702778668003.00012 1.9897303623432658 24.500000000000004 19.500000000000004 251391427567.00003 251391430280.50003 251391424169.50003 3704300962249.0005
decision_type=2 2 2 2 2 2 2 2 2 2 2 2 2 2 2 2 2 2 2 2 2 2 2 2 2 2 2 2 2 2
left_child=1 3 24 5 10 -1 8 -8 -6 12 -5 -12 15 14 -14 28 -4 22 -19 25 21 -15 -11 -21 -3 -18 -7 -28 -2 -22
right_child=9 2 16 4 6 26 7 -9 -10 17 11 -13 13 20 -16 -17 19 18 -20 23 29 -23 -24 -25 -26 -27 27 -29 -30 -31
leaf_value=0.0038090576840228473 -0.011354510205972888 -0.012564440009206198 0.00018165377320267172 -0.004132054334445045 0.0072521472017081914 0.012235427026980885 0.0027284630922036974 0.0074411350401983722 0.015560604725058574 -0.017204739851432196 0.0061169594438266455 0.0005752609437147722 -0.017206963346345441 -0.017137282885095174 -0.0019793293872957317 -0.0049511818128263121 -0.0063282293634863785 -0.011849072305439147 -0.017982131619893326 -0.0065680572261241138 -0.01783134414250475 -0.0094304429798514715 -0.010848996798584417 -0.00055233823181150108 -0.018444007024847379 -0.011363713550239027 0.0039322227611161761 0.010236974444087247 -0.016152189900632902 -0.014047112409003281
leaf_weight=19.811077177524567 16.49034462869168 5.9892768114805222 5.965310081839557 8.1324449181556684 14.261294111609461 13.451638653874396 34.523690566420555 227.00815063714981 14.208707064390181 5.4841475337743741 30.756467074155807 31.305147141218185 4.9900139272212982 27.73474395275116 5.4447704851627332 4.986819699406623 9.4702976197004283 4.9997126311063758 64.710628673434258 6.9860604256391579 26.894029423594475 14.490515574812887 6.9903718680143356 5.7153708934783936 6.9484234899282438 6.4911682605743417 11.764986038208006 75.222342982888222 4.9986209422349921 5.4911858439445487
leaf_count=81 66 24 24 33 60 56 144 946 60 22 127 128 20 111 22 20 38 20 259 28 108 58 28 23 28 26 49 314 20 22
internal_value=0 0.00559032 -0.00809531 0.00694525 0.00633116 0.00878469 0.00726863 0.00681904 0.0113987 -0.0152345 0.00245806 0.00332161 -0.01397 -0.0148778 -0.00926133 -0.0110542 -0.00524578 -0.0169504 -0.0175423 -0.00637534 -0.0156632 -0.0144925 -0.0136432 -0.00386111 -0.0157222 -0.00837605 0.00976611 0.00938426 -0.0124705 -0.0171897
internal_weight=0 528.012 47.5659 480.446 360.196 120.25 290.002 261.532 28.47 193.706 70.1941 62.0616 111.521 85.0453 10.4348 26.4758 34.6282 82.1849 69.7103 28.6629 74.6105 42.2253 12.4745 12.7014 12.9377 15.9615 100.439 86.9873 21.489 32.3852
internal_count=2965 2189 191 1998 1498 500 1210 1090 120 776 288 255 447 341 42 106 139 329 279 115 299 169 50 51 52 64 419 363 86 130
is_linear=0
shrinkage=0.01


Tree=23
num_leaves=31
num_cat=0
split_feature=0 13 1 1 1 1 1 1 1 0 0 1 1 0 2 1 2 2 1 2 1 1 1 13 13 2 1 1 1 1
split_gain=602.729 96.0771 10.1606 5.34243 12.8623 5.78443 5.31237 6.54516 4.85505 4.12375 3.91649 4.67766 2.90734 3.68261 5.92641 2.24277 2.07974 1.57398 1.71372 1.4122 1.31974 5.5525 1.22074 1.1145 1.09849 0.956902 0.933818 3.9832 0.866016 0.644289
threshold=4199344.0000000009 1.4912772627279363 702778652563.00012 702778666549.00012 1646869332713.5002 251391422524.00003 1837832584809.0002 1955683365278.0002 1758355643419.5002 4208562.0000000009 4199305.5000000009 1130691726105.5002 702778648956.00012 4199368.5000000009 48.500000000000007 251391427567.00003 11.500000000000002 13.500000000000002 251391422524.00003 26.500000000000004 1264132462702.0002 702778669840.00012 702778668003.00012 1.9897303623432658 1.9934219549570169 19.500000000000004 251391427567.00003 251391430280.50003 251391424169.50003 3704300962249.0005
decision_type=2 2 2 2 2 2 2 2 2 2 2 2 2 2 2 2 2 2 2 2 2 2 2 2 2 2 2 2 2 2
left_child=1 3 24 5 10 -1 8 -8 -6 12 -5 -12 15 14 -14 28 -4 22 -19 25 21 -15 -11 -21 -3 -18 -7 -28 -2 -22
right_child=9 2 16 4 6 26 7 -9 -10 17 11 -13 13 20 -16 -17 19 18 -20 23 29 -23 -24 -25 -26 -27 27 -29 -30 -31
leaf_value=0.0037731034927880104 -0.011238514088457987 -0.018290960835198822 0.00017983942692054988 -0.0040888425640005907 0.0071913383023011835 0.012143026043444105 0.0027026837036351454 0.0073777757469761351 0.01546132103289094 -0.017049072052148482 0.0060620766559504446 0.00056955553705899929 -0.01704834046231107 -0.01697226361399367 -0.0019591563752342708 -0.0049005565404162555 -0.0062629289764427158 -0.011732053586898 -0.017809056874336246 -0.0065006437624672642 -0.017672257071194512 -0.0093343174834586914 -0.010744302348740704 -0.00054679336518655868 -0.012444070021247904 -0.011246725459976183 0.0038959767383283076 0.010156122382142569 -0.015989794961957089 -0.013912435451040393
leaf_weight=19.799918070435524 16.493921175599105 6.9370498508214933 5.9652295857667879 8.1361876577138883 14.23818312585354 13.418623581528662 34.50455841422081 226.66978585720062 14.157206013798712 5.4789044559001905 30.724729493260384 31.302561208605766 4.9860972464084625 27.724409729242325 5.445820286870001 4.9879467189311972 9.4733333885669673 4.9990881234407416 64.686228513717651 6.9879132211208397 26.864913493394852 14.49332746863365 6.9879144281148911 5.7155939489603043 5.9860255867242813 6.4930919557809839 11.755743354558943 75.063765317201614 4.9988923817872992 5.4889098405838004
leaf_count=81 66 28 24 33 60 56 144 946 60 22 127 128 20 111 22 20 38 20 259 28 108 58 28 23 24 26 49 314 20 22
internal_value=0 0.00554163 -0.00801567 0.00688553 0.00627596 0.00871229 0.00720674 0.00676013 0.0113145 -0.0150876 0.00243455 0.00329023 -0.0138349 -0.0147363 -0.00917127 -0.0109416 -0.00519227 -0.0167876 -0.0173731 -0.00631003 -0.0155147 -0.0143502 -0.0135151 -0.00382187 -0.0155827 -0.0082897 0.00968793 0.00930847 -0.0123436 -0.0170344
internal_weight=0 527.329 47.5582 479.771 359.733 120.038 289.57 261.174 28.3954 193.636 70.1635 62.0273 111.484 85.0035 10.4319 26.4808 34.6352 82.1521 69.6853 28.6699 74.5716 42.2177 12.4668 12.7035 12.9231 15.9664 100.238 86.8195 21.4928 32.3538
internal_count=2965 2189 191 1998 1498 500 1210 1090 120 776 288 255 447 341 42 106 139 329 279 115 299 169 50 51 52 64 419 363 86 130
is_linear=0
shrinkage=0.01


Tree=24
num_leaves=31
num_cat=0
split_feature=12 1 1 1 1 1 1 1 1 1 1 1 1 1 1 1 1 1 3 1 1 12 1 2 1 2 2 1 1 1
split_gain=68.7317 43.6302 23.069 18.3628 11.6671 15.1769 14.9332 11.853 11.297 42.5831 8.2435 7.97915 5.40347 12.4942 7.08588 4.17332 4.0594 3.47291 2.7938 2.54109 2.34724 2.05473 1.88259 1.51761 1.43198 1.13664 1.24979 1.00529 1.05746 0.980249
threshold=1.482706697746907 1514623717848.0002 3704300937771.0005 1514623710916.5002 871682468758.00012 702778656452.50012 1130691726105.5002 251391428948.00003 2946978532227.5005 2777491176212.0005 2860804091963.5005 702778652563.00012 3704300965984.0005 3704300958224.5005 3985955690245.0005 3704300964478.0005 3704300939284.5005 702778666549.00012 10.500000000000002 4187424688887.0005 2177228729974.5002 1.9929177889658176 1514623714064.0002 8.5000000000000018 3771587233452.0005 20.500000000000004 32.500000000000007 3333170045503.0005 2986784370271.0005 2777491174721.0005
decision_type=2 2 2 2 2 2 2 2 2 2 2 2 2 2 2 2 2 2 2 2 2 2 2 2 2 2 2 2 2 2
left_child=1 3 8 4 5 7 -6 -1 9 20 -11 -2 13 16 24 -15 -4 -7 -13 -16 -3 25 -5 29 -14 -20 -27 28 -10 -23
right_child=11 2 12 22 6 17 -8 -9 27 10 -12 18 14 15 19 -17 -18 -19 21 -21 -22 23 -24 -25 -26 26 -28 -29 -30 -31
leaf_value=-0.0027821354000236811 -0.015591869696504017 0.0052902125611623283 -0.0071369199207853675 -0.015809925273135572 0.013560384893603868 -0.0028786286253208483 -0.0038944605333312426 0.002978496765353238 0.0086741960766434142 -0.003287903729234183 -0.014710603527838602 -0.0012179895759428128 0.0050957487601217466 -0.0092737019032664222 -0.003330882761369577 0.0010321728020423987 0.0015385955052566519 -0.0064412464653201733 -0.0048233868151071127 0.0053036747740641387 0.0079444508069808021 -0.0061050467935765832 -0.0085099386561208867 -0.016013936543586058 0.012070874226411543 -0.010978582345489636 -0.0050956111333717588 0.0079558754767949363 0.013545538792103986 -0.012304107348664167
leaf_weight=68.484277233481407 16.882417663931847 88.590703740715981 5.8746757358312598 8.6775656938552839 11.341913282871248 52.865852385759354 8.6315450519323331 74.654590576887131 10.445516631007196 28.056869998574257 8.1540755629539472 5.9629219621419898 4.8366317301988619 20.691741824150089 11.270918279886248 4.8503223806619635 65.85002401471138 56.719446733593941 13.469005808234213 4.8857630491256705 53.401475116610527 4.9786263704299909 5.9585499316453925 4.9814212769269934 7.518774688243866 9.7347319275140727 5.7406537830829665 43.668230012059212 7.7717289179563513 5.2310020327568054
leaf_count=279 68 370 24 35 48 217 35 309 44 115 33 24 20 84 46 20 272 229 54 20 224 20 24 20 32 39 23 183 33 21
internal_value=0 0.000990317 0.00328067 -0.00192603 -0.00134036 -0.00192185 0.00601726 0.000222343 0.00509815 0.00381985 -0.0058601 -0.00964624 -0.000188572 -0.00131076 0.00363968 -0.00731666 0.00082802 -0.00472258 -0.00764265 -0.000719802 0.00628844 -0.00851066 -0.012838 -0.011489 0.0093404 -0.00694753 -0.00879627 0.00877908 0.0107524 -0.0092812
internal_weight=0 653.201 365.867 287.334 272.698 252.724 19.9735 143.139 240.089 178.203 36.2109 66.9808 125.779 97.2668 28.5121 25.5421 71.7247 109.585 50.0984 16.1567 141.992 44.1354 14.6361 15.191 12.3554 28.9444 15.4754 61.8855 18.2172 10.2096
internal_count=2965 2696 1520 1176 1117 1034 83 588 1002 742 148 269 518 400 118 104 296 446 201 66 594 177 59 61 52 116 62 260 77 41
is_linear=0
shrinkage=0.01


end of trees

feature_importances:
Column_1=499
Column_0=83
Column_2=75
Column_12=40
Column_13=29
Column_3=11

parameters:
[boosting: gbdt]
[objective: binary]
[metric: l2]
[tree_learner: serial]
[device_type: cpu]
[data_sample_strategy: bagging]
[data: ]
[valid: ]
[num_iterations: 8000]
[learning_rate: 0.01]
[num_leaves: 31]
[num_threads: 0]
[seed: 0]
[deterministic: 0]
[force_col_wise: 0]
[force_row_wise: 0]
[histogram_pool_size: -1]
[max_depth: 6]
[min_data_in_leaf: 20]
[min_sum_hessian_in_leaf: 0.001]
[bagging_fraction: 0.8]
[pos_bagging_fraction: 1]
[neg_bagging_fraction: 1]
[bagging_freq: 0]
[bagging_seed: 3]
[feature_fraction: 0.8]
[feature_fraction_bynode: 1]
[feature_fraction_seed: 2]
[extra_trees: 0]
[extra_seed: 6]
[early_stopping_round: 0]
[early_stopping_min_delta: 0]
[first_metric_only: 0]
[max_delta_step: 0]
[lambda_l1: 0]
[lambda_l2: 0]
[linear_lambda: 0]
[min_gain_to_split: 0]
[drop_rate: 0.1]
[max_drop: 50]
[skip_drop: 0.5]
[xgboost_dart_mode: 0]
[uniform_drop: 0]
[drop_seed: 4]
[top_rate: 0.2]
[other_rate: 0.1]
[min_data_per_group: 100]
[max_cat_threshold: 32]
[cat_l2: 10]
[cat_smooth: 10]
[max_cat_to_onehot: 4]
[top_k: 20]
[monotone_constraints: ]
[monotone_constraints_method: basic]
[monotone_penalty: 0]
[feature_contri: ]
[forcedsplits_filename: ]
[refit_decay_rate: 0.9]
[cegb_tradeoff: 1]
[cegb_penalty_split: 0]
[cegb_penalty_feature_lazy: ]
[cegb_penalty_feature_coupled: ]
[path_smooth: 0]
[interaction_constraints: ]
[verbosity: 1]
[saved_feature_importance_type: 0]
[use_quantized_grad: 0]
[num_grad_quant_bins: 4]
[quant_train_renew_leaf: 0]
[stochastic_rounding: 1]
[linear_tree: 0]
[max_bin: 255]
[max_bin_by_feature: ]
[min_data_in_bin: 3]
[bin_construct_sample_cnt: 200000]
[data_random_seed: 1]
[is_enable_sparse: 1]
[enable_bundle: 1]
[use_missing: 1]
[zero_as_missing: 0]
[feature_pre_filter: 1]
[pre_partition: 0]
[two_round: 0]
[header: 0]
[label_column: ]
[weight_column: ]
[group_column: ]
[ignore_column: ]
[categorical_feature: ]
[forcedbins_filename: ]
[precise_float_parser: 0]
[parser_config_file: ]
[objective_seed: 5]
[num_class: 1]
[is_unbalance: 0]
[scale_pos_weight: 1]
[sigmoid: 1]
[boost_from_average: 1]
[reg_sqrt: 0]
[alpha: 0.9]
[fair_c: 1]
[poisson_max_delta_step: 0.7]
[tweedie_variance_power: 1.5]
[lambdarank_truncation_level: 30]
[lambdarank_norm: 1]
[label_gain: ]
[lambdarank_position_bias_regularization: 0]
[eval_at: ]
[multi_error_top_k: 1]
[auc_mu_weights: ]
[num_machines: 1]
[local_listen_port: 12400]
[time_out: 120]
[machine_list_filename: ]
[machines: ]
[gpu_platform_id: -1]
[gpu_device_id: -1]
[gpu_use_dp: 0]
[num_gpu: 1]

end of parameters

pandas_categorical:null
