tree
version=v4
num_class=1
num_tree_per_iteration=1
label_index=0
max_feature_idx=21
objective=binary sigmoid:1
feature_names=Column_0 Column_1 Column_2 Column_3 Column_4 Column_5 Column_6 Column_7 Column_8 Column_9 Column_10 Column_11 Column_12 Column_13 Column_14 Column_15 Column_16 Column_17 Column_18 Column_19 Column_20 Column_21
feature_infos=[4276737:5575787] [174026416739:4363500798065] [25:inf] none none none none none none none none none [1:1.9832198432826691] [1:1.9915744264969064] [1:1.9957783018809487] [1:1.997886918383516] [1:1.9989429004620412] [1:1.9994713104747133] [1:1.9997356202890408] [1:1.9998678014062865] [1:1.9999338985184405] [1:1.9999669487130265]
tree_sizes=1973 2982 2113 2972 2106 2973 3080 3194 2120 2965 3081 2978 2976 2114 2976 3199 2971 2111

Tree=0
num_leaves=18
num_cat=0
split_feature=0 14 0 0 0 14 0 0 0 0 0 0 0 0 0 0 0
split_gain=653.625 184.158 103.565 9.00516 4.95746 3.23943 1.46452 3.40481 3.02387 1.14164 3.16956 2.05012 3.33981 0.267596 0.21624 0.0645161 0.0510367
threshold=4278239.0000000009 1.4972997117418168 4306603.0000000009 4305701.0000000009 4305469.5000000009 1.9951886916855948 4300170.5000000009 4301350.0000000009 4296358.0000000009 4277674.5000000009 4277659.5000000009 4277632.5000000009 4277616.5000000009 5575758.5000000009 4305671.5000000009 4306115.0000000009 4277688.5000000009
decision_type=2 2 2 2 2 2 2 2 2 2 2 2 2 2 2 2 2
left_child=1 9 3 4 6 -3 8 -8 -2 10 11 12 -1 -4 -6 -5 -11
right_child=2 5 13 15 14 -7 7 -9 -10 16 -12 -13 -14 -15 -16 -17 -18
leaf_value=0.017525293247571277 -0.0082993931458438027 -0.010902579416380403 0.015178010550516539 -0.0023335127962310466 -0.016349087743446452 -0.019107708844168212 -0.0022656010713406121 -0.0089213719225589728 -0.010558089249564889 0.019680175723555952 0.011195325974366292 0.020892297116297334 0.010892295626180947 0.012892295924204222 -0.013946417752495235 -0.0010431900233128029 0.020892297116297334
leaf_weight=148.49997344613075 108.24998064339161 9.7499982565641421 10.49999812245369 7.7499986141920072 7.2499987035989744 9.4999983012676221 9.4999983012676221 40.249992802739143 130.9999765753746 8.24999852478504 8.24999852478504 16.499997049570084 7.9999985694885245 9.9999982118606567 7.749998614192009 7.749998614192009 5.9999989271163932
leaf_count=594 433 39 42 31 29 38 38 161 524 33 33 66 32 40 31 31 24
internal_value=0.000901307 0.0145594 -0.00772535 -0.00912336 -0.00950244 -0.0149519 -0.00921151 -0.00765042 -0.00953613 0.0174652 0.0172509 0.0175397 0.0171862 0.014063 -0.0151077 -0.00168835 0.0201905
internal_weight=0 214.75 340 319.5 304 19.25 289 49.75 239.25 195.5 181.25 173 156.5 20.5 15 15.5 14.25
internal_count=2219 859 1360 1278 1216 77 1156 199 957 782 725 692 626 82 60 62 57
is_linear=0
shrinkage=1


Tree=1
num_leaves=27
num_cat=0
split_feature=1 1 1 1 1 1 1 1 1 0 0 1 1 1 0 0 0 12 0 0 0 0 0 0 0 0
split_gain=958.649 334.727 95.2965 222.887 52.5395 23.4198 151.759 22.9916 11.7156 7.3718 3.92642 2.46409 2.27301 1.72089 1.43894 0.566359 0.000741432 0.000419871 0.000324493 0.000103755 8.08046e-05 6.98715e-05 4.88887e-05 1.53441e-05 1.51825e-05 1.46678e-05
threshold=174026437709.50003 2777491178591.5005 702778655060.00012 702778648817.50012 174026439395.50003 2384994529316.5005 1862882909832.5002 702778651969.00012 1862882908967.5002 4278239.0000000009 4298866.5000000009 1862882910972.5002 174026436784.50003 174026441425.50003 4300146.5000000009 4304179.0000000009 4305701.0000000009 1.9808932560376222 4305469.5000000009 4306603.0000000009 4295440.0000000009 4296358.0000000009 4277632.5000000009 4296358.0000000009 4299266.0000000009 4305671.5000000009
decision_type=2 2 2 2 2 2 2 2 2 2 2 2 2 2 2 2 2 2 2 2 2 2 2 2 2 2
left_child=12 2 3 4 10 6 8 9 -4 -5 -2 -8 16 -6 -9 20 17 18 21 22 -3 -1 -7 -22 -25 -20
right_child=1 15 5 7 13 19 11 14 -10 -11 -12 -13 -14 -15 -16 -17 -18 -19 25 -21 23 -23 -24 24 -26 -27
leaf_value=-0.019916440935884669 0.0012701210867597618 -0.019866705088693572 0.018691346955283912 0.0056288133553250783 0.015646264825843258 0.019829106827824742 -0.020159757652424736 -0.018118227282513912 0.0050191662129218271 -0.0069331974478715761 -0.0098979024932376088 -0.011839050510787024 -0.013984662983886651 0.019370279925768671 -0.012304079692955787 -0.01649482543127816 -0.020002682146338872 -0.019810736789585642 -0.019837838305040597 0.019862342522581965 -0.019917349583746767 -0.019902103225899026 0.019810806800659483 -0.019894974878325644 -0.019916316966111944 -0.019861504255978633
leaf_weight=56.748997405171394 8.4998109042644483 5.4997199177741996 87.743415847420692 6.2496423572301891 15.749650374054907 69.244824886322021 8.7494345307350141 22.499354302883152 6.7495228350162497 18.499535664916039 4.9998630285263053 5.9995559453964225 6.7498429268598548 58.498513221740723 5.249896675348281 5.7498280405998221 7.4999530315399161 4.9995437264442435 4.9996659159660322 8.2496011406183225 11.749797597527506 84.747888028621674 18.498254433274269 9.9997210502624494 4.9998990893363944 5.499732494354248
leaf_count=227 34 22 351 25 63 277 35 90 27 74 20 24 27 234 21 23 30 20 20 33 47 339 74 40 20 22
internal_value=0 0.00878475 0.0118832 0.00552982 0.0152809 0.0162248 0.0130582 -0.0107684 0.0177148 -0.00376105 -0.00286617 -0.0167751 -0.0196722 0.0185803 -0.0170182 -0.0193861 -0.0199055 -0.0199009 -0.0199039 0.0198284 -0.0199016 -0.0199079 0.0198252 -0.0199088 -0.0199021 -0.0198502
internal_weight=0 383.48 345.481 140.246 87.7478 205.235 109.242 52.4984 94.4929 24.7492 13.4997 14.749 171.246 74.2482 27.7493 37.999 164.496 156.996 151.996 95.9927 32.2491 141.497 87.7431 26.7494 14.9996 10.4994
internal_count=2219 1534 1382 561 351 821 437 210 378 99 54 59 685 297 111 152 658 628 608 384 129 566 351 107 60 42
is_linear=0
shrinkage=0.01


Tree=2
num_leaves=19
num_cat=0
split_feature=0 2 0 0 0 2 0 0 0 0 0 0 0 0 0 0 0 0
split_gain=628.048 177.367 99.5979 8.68295 4.78204 1.55263 1.40776 3.34182 1.31284 1.20879 2.93738 2.14518 3.09536 0.262061 0.210946 0.0627601 0.0487631 4.84331e-07
threshold=4278239.0000000009 30.500000000000004 4306603.0000000009 4305701.0000000009 4305469.5000000009 28.500000000000004 4296358.0000000009 4299672.0000000009 4295394.5000000009 4277674.5000000009 4277659.5000000009 4277632.5000000009 4277616.5000000009 5575758.5000000009 4305671.5000000009 4306115.0000000009 4277688.5000000009 4277646.5000000009
decision_type=2 2 2 2 2 2 2 2 2 2 2 2 2 2 2 2 2 2
left_child=1 5 3 4 6 -1 8 -8 -2 10 11 12 -3 -4 -6 -5 -11 -13
right_child=2 9 13 15 14 -7 7 -9 -10 16 -12 17 -14 -15 -16 -17 -18 -19
leaf_value=-0.019646402287976424 -0.011478240256234166 0.016140914553074547 0.014016511625914403 -0.0031627703105734793 -0.016931980122764104 -0.013715820236165186 -0.011476313717399194 -0.0086450407473906438 -0.008520276005883896 0.018425755773779449 0.010068965109585468 0.019606518784594868 0.0097562795133103383 0.011754306288055055 -0.014558602094334962 -0.0018900715223336578 0.019610794074181061 0.019610247557863031
leaf_weight=9.4967745989561081 17.997309178113937 149.95458114147186 10.497521102428436 7.749290928244589 7.248039096593855 8.248679131269455 115.48079386353493 65.240834161639214 90.236996874213219 8.2470831871032697 8.2484370023012143 11.495367363095285 7.9984788298606864 9.9978892207145691 7.7481443285942078 7.7493072897195816 5.9976245313882819 4.9980127513408652
leaf_count=38 72 600 42 31 29 33 462 261 361 33 33 46 32 40 31 31 24 20
internal_value=0 0.0133906 -0.00845649 -0.00982752 -0.0101998 -0.0168897 -0.00991406 -0.0104542 -0.00901213 0.016119 0.0159002 0.0161759 0.0158176 0.012913 -0.0157057 -0.00252642 0.0189247 0.0196076
internal_weight=0 214.685 339.946 319.451 303.952 17.7455 288.956 180.722 108.234 196.94 182.695 174.446 157.953 20.4954 14.9962 15.4986 14.2447 16.4934
internal_count=2219 859 1360 1278 1216 71 1156 723 433 788 731 698 632 82 60 62 57 66
is_linear=0
shrinkage=0.01


Tree=3
num_leaves=27
num_cat=0
split_feature=1 1 1 1 1 1 1 1 1 0 0 0 1 1 1 1 0 2 0 0 0 0 0 0 0 0
split_gain=930.108 324.892 89.3835 209.014 51.3471 22.4398 149.688 16.5524 11.8101 7.12194 5.54333 3.84887 2.40714 2.23049 1.65704 0.533595 0.0027452 0.00152359 0.0011801 0.000371327 0.00036293 0.000242702 0.000217457 0.000190592 0.000108762 5.34085e-05
threshold=174026437709.50003 2777491178591.5005 1862882898048.0002 702778648817.50012 174026439395.50003 2384994529316.5005 1862882909832.5002 702778651969.00012 1862882908967.5002 4278239.0000000009 4295763.0000000009 4298866.5000000009 1862882910972.5002 174026436784.50003 174026441425.50003 4363500794354.0005 4305701.0000000009 28.500000000000004 4305469.5000000009 4300170.5000000009 4306603.0000000009 4295440.0000000009 4296358.0000000009 4277632.5000000009 4296358.0000000009 4305671.5000000009
decision_type=2 2 2 2 2 2 2 2 2 2 2 2 2 2 2 2 2 2 2 2 2 2 2 2 2 2
left_child=13 2 3 4 11 6 8 9 -4 -5 -9 -2 -8 16 -6 -3 17 -1 22 21 23 -17 -19 -7 -23 -20
right_child=1 15 5 7 14 20 12 10 -10 -11 -12 -13 -14 -15 -16 19 -18 18 25 -21 -22 24 -24 -25 -26 -27
leaf_value=-0.019431171499718604 0.0013574839344931589 -0.016367128197785318 0.018559417807058939 0.0055859381217937707 0.015586084866237139 0.019484485899070168 -0.020103015757866403 -0.0084969891466983982 0.0048172454770951008 -0.0067623468543371746 -0.017676545281804332 -0.0097005363560829921 -0.011878986329914123 -0.013745921561794303 0.019240363335783925 -0.019538442074549866 -0.01979885464576334 -0.019631398755077158 -0.019482672246098471 -0.019688364332904152 0.019546259493560099 -0.019639295266384624 -0.019606100357954667 0.019448340515796744 -0.01959375812978471 -0.019527844733067862
leaf_weight=4.9957150220870963 8.4992906600236875 5.9978742301464072 85.442322432994843 6.2486334294080761 15.749873742461203 69.201397702097893 8.7497082799673063 9.7455348223447817 6.747655674815177 18.496515959501266 20.24331396818161 4.9988348931074134 5.9993213266134253 6.7480794787406913 58.495002880692482 4.9971105307340684 7.4990390390157691 56.729948028922081 4.9964746832847577 5.9983219653367987 8.2455434501171094 10.246542647480966 84.715633526444435 18.484878301620483 10.745375797152517 5.4967846870422363
leaf_count=20 34 24 342 25 63 277 35 39 27 74 81 20 24 27 234 20 30 227 20 24 33 41 339 74 43 22
internal_value=0 0.00865468 0.0117079 0.00563723 0.0152034 0.0159714 0.0128214 -0.00969808 0.0175536 -0.00364416 -0.0146934 -0.00273769 -0.0167578 -0.0193807 0.0184652 -0.0191042 -0.0196119 -0.019603 -0.0196087 -0.0196174 0.0194828 -0.0196011 -0.0196162 0.0194769 -0.019616 -0.0195063
internal_weight=0 383.333 345.348 142.477 87.743 202.871 106.939 54.734 92.19 24.7451 29.9888 13.4981 14.749 171.182 74.2449 37.9852 164.434 156.935 151.939 31.9874 95.9318 25.989 141.446 87.6863 20.9919 10.4933
internal_count=2219 1534 1382 570 351 812 428 219 369 99 120 54 59 685 297 152 658 628 608 128 384 104 566 351 84 42
is_linear=0
shrinkage=0.01


Tree=4
num_leaves=19
num_cat=0
split_feature=0 2 0 0 0 2 0 0 0 0 0 0 0 0 0 0 0 0
split_gain=603.703 171.03 95.8102 8.38949 4.61371 1.49478 1.36625 3.23238 1.27978 1.17133 2.85321 2.06992 3.02209 0.25668 0.205449 0.0609894 0.0467385 1.96164e-06
threshold=4278239.0000000009 30.500000000000004 4306603.0000000009 4305701.0000000009 4305469.5000000009 28.500000000000004 4296358.0000000009 4299672.0000000009 4295394.5000000009 4277674.5000000009 4277659.5000000009 4277632.5000000009 4277616.5000000009 5575758.5000000009 4305671.5000000009 4306115.0000000009 4277688.5000000009 4277646.5000000009
decision_type=2 2 2 2 2 2 2 2 2 2 2 2 2 2 2 2 2 2
left_child=1 5 3 4 6 -1 8 -8 -2 10 11 12 -3 -4 -6 -5 -11 -13
right_child=2 9 13 15 14 -7 7 -9 -10 16 -12 17 -14 -15 -16 -17 -18 -19
leaf_value=-0.019316782590046652 -0.011269034281436573 0.015839553599967152 0.013766489431057679 -0.0030866807558128984 -0.016623990163094581 -0.013495688212956849 -0.01126006583425803 -0.0084749082519537892 -0.008347860322706813 0.018090195544188847 0.009851508360641999 0.019242679863711455 0.0095291930030161273 0.011526919237336791 -0.014280819422622439 -0.0018318867121105877 0.01925099674575936 0.019250188326835036
leaf_weight=9.4875072836875916 17.988463923335075 149.82829670608044 10.490478962659836 7.7470568120479566 7.2419885247945768 8.2448184639215469 115.42185442149639 65.213474422693253 90.198944330215454 8.2387878596782667 8.244016304612158 11.482184380292894 7.9941845238208762 9.9918991327285767 7.7424885183572769 7.7471613585948944 5.990867853164672 4.9923645555973044
leaf_count=38 72 600 42 31 29 33 462 261 361 33 33 46 32 40 31 31 24 20
internal_value=0 0.013135 -0.008292 -0.00963692 -0.010003 -0.0166102 -0.00972228 -0.0102546 -0.00883357 0.0158155 0.0156001 0.015872 0.0155199 0.012674 -0.0154133 -0.00245928 0.0185789 0.019245
internal_weight=0 214.503 339.784 319.301 303.807 17.7323 288.823 180.635 108.187 196.771 182.541 174.297 157.822 20.4824 14.9845 15.4942 14.2297 16.4745
internal_count=2219 859 1360 1278 1216 71 1156 723 433 788 731 698 632 82 60 62 57 66
is_linear=0
shrinkage=0.01


Tree=5
num_leaves=27
num_cat=0
split_feature=1 1 1 1 1 1 1 1 1 0 0 1 1 1 0 1 0 2 0 0 0 0 0 0 0 0
split_gain=902.842 315.485 83.9405 213.789 50.1881 22.5008 145.932 22.0416 11.288 6.88202 3.77363 2.35168 2.19166 1.59726 1.40796 0.512334 0.00572329 0.00311992 0.00241939 0.000803368 0.000731483 0.000424164 0.000395774 0.000392064 0.000233524 0.000109478
threshold=174026437709.50003 2777491178591.5005 702778655060.00012 702778648817.50012 174026439395.50003 2384994529316.5005 1862882909832.5002 702778651969.00012 1862882908967.5002 4278239.0000000009 4298866.5000000009 1862882910972.5002 174026436784.50003 174026441425.50003 4300146.5000000009 4363500794354.0005 4305701.0000000009 28.500000000000004 4305469.5000000009 4295440.0000000009 4306603.0000000009 4296358.0000000009 4277632.5000000009 4300170.5000000009 4296358.0000000009 4305671.5000000009
decision_type=2 2 2 2 2 2 2 2 2 2 2 2 2 2 2 2 2 2 2 2 2 2 2 2 2 2
left_child=12 2 3 4 10 6 8 9 -4 -5 -2 -8 16 -6 -9 -3 17 -1 21 -17 22 -19 -7 24 -21 -20
right_child=1 15 5 7 13 20 11 14 -10 -11 -12 -13 -14 -15 -16 19 -18 18 25 23 -22 -23 -24 -25 -26 -27
leaf_value=-0.019072722611463238 0.0014420862201598855 -0.016151986936526083 0.018046995011785825 0.0055442088393137506 0.015524948085654067 0.019157850690836559 -0.02004443672338348 -0.017604172253120682 0.0046211149201563122 -0.0065961106485761256 -0.0095088827998586617 -0.011915617805383779 -0.013515353396249293 0.019112786523084867 -0.01185065511700119 -0.019221370738223501 -0.01960164113012226 -0.019358930615224316 -0.019146392031614681 -0.019373260443217889 0.01924543125141594 -0.019323584436606048 0.0191057286642227 -0.019430797853547906 -0.019306508750065569 -0.01921110519033311
leaf_weight=4.9881812930107108 8.4984693825244886 5.9942311942577353 87.589862182736397 6.2467927932739284 15.749770000576971 69.115892812609673 8.7498196810483915 22.476236507296566 6.7444721460342398 18.490808084607124 4.9968470185995093 5.999059945344924 6.7443959563970557 58.48457133769989 5.2460074722766867 4.9915773868560818 7.4964821487665168 56.687617719173431 4.9900618195533735 10.239272370934492 8.2372927069663984 84.645808950066566 18.458925783634186 5.9944700300693503 10.736117631196974 5.4907254874706268
leaf_count=20 34 24 351 25 63 277 35 90 27 74 20 24 27 234 21 20 30 227 20 41 33 339 74 24 43 22
internal_value=0 0.00853001 0.0115398 0.00557731 0.0151267 0.0156194 0.0125137 -0.0103923 0.0170871 -0.00353041 -0.00261268 -0.0167381 -0.0191024 0.0183516 -0.0165154 -0.0188348 -0.0193317 -0.0193188 -0.0193269 -0.0193379 0.0191553 -0.0193378 0.0191469 -0.0193595 -0.0193391 -0.0191803
internal_weight=0 383.04 345.085 140.19 87.7297 204.895 109.083 52.4598 94.3343 24.7376 13.4953 14.7489 171.043 74.2343 27.7222 37.9557 164.299 156.802 151.814 31.9614 95.8121 141.333 87.5748 26.9699 20.9754 10.4808
internal_count=2219 1534 1382 561 351 821 437 210 378 99 54 59 685 297 111 152 658 628 608 128 384 566 351 108 84 42
is_linear=0
shrinkage=0.01


Tree=6
num_leaves=28
num_cat=0
split_feature=1 1 1 1 1 1 1 1 1 0 0 1 1 0 0 0 0 2 0 0 0 0 0 0 0 0 0
split_gain=885.504 309.405 82.4113 209.587 49.2063 22.0974 143.128 21.6264 11.0855 6.74596 3.69961 2.30638 2.15371 1.57855 1.38277 0.508306 0.0053992 0.00294447 0.00228301 0.000819248 0.000690418 0.000400159 0.000373519 0.000180608 0.000115774 0.000103337 9.2599e-06
threshold=174026437709.50003 2777491178591.5005 702778655060.00012 702778648817.50012 174026439395.50003 2384994529316.5005 1862882909832.5002 702778651969.00012 1862882908967.5002 4278239.0000000009 4298866.5000000009 1862882910972.5002 174026436784.50003 4297543.0000000009 4300146.5000000009 4304179.0000000009 4305701.0000000009 28.500000000000004 4305469.5000000009 4295440.0000000009 4306603.0000000009 4296358.0000000009 4277632.5000000009 4296358.0000000009 4299266.0000000009 4305671.5000000009 4295715.0000000009
decision_type=2 2 2 2 2 2 2 2 2 2 2 2 2 2 2 2 2 2 2 2 2 2 2 2 2 2 2
left_child=12 2 3 4 10 6 8 9 -4 -5 -2 -8 16 -6 -9 19 17 -1 21 -3 22 -19 -7 26 -25 -20 -21
right_child=1 15 5 7 13 20 11 14 -10 -11 -12 -13 -14 -15 -16 -17 -18 18 25 23 -22 -23 -24 24 -26 -27 -28
leaf_value=-0.018901319515589519 0.0014276386881682741 -0.01903750831403463 0.017881700160135565 0.0054888984284238917 0.019626248455411801 0.018984077382667944 -0.019845111819694165 -0.01743930192171304 0.0045755313023227761 -0.0065311603725994836 -0.0094162439779429726 -0.011795135933014083 -0.013385992613824352 0.0167094084423316 -0.0117363299274776 -0.015919219886513254 -0.019415286391572043 -0.019179494239280438 -0.018972938391152782 -0.019193416938213241 0.019069200764057093 -0.019145149936455302 0.01893341735958878 -0.019128993155796369 -0.019187982988324966 -0.01903583899201251 -0.019211387394836035
leaf_weight=4.9831062555313101 8.4986275583505613 5.4857068359851828 87.515889450907707 6.2466435432434109 37.22856280207634 69.051384165883064 8.7493269443511945 22.461907714605335 6.7435515969991675 18.487959504127502 4.9955533742904654 5.9997302293777457 6.7414913773536673 36.987473279237747 5.2441475391387931 5.7429400384426108 7.4927691370248786 56.645987182855606 4.9853479862213117 6.7380793243646639 8.2303183078765851 84.580681413412094 18.440738305449486 9.9792528450489026 4.9910243302583686 5.4858903884887695 4.9915628135204315
leaf_count=20 34 22 351 25 149 277 35 90 27 74 20 24 27 148 21 23 30 227 20 27 33 339 74 40 20 22 20
internal_value=0 0.00844982 0.0114312 0.00552306 0.0149788 0.0154757 0.0123971 -0.0102922 0.0169297 -0.00349553 -0.00258677 -0.0165705 -0.0189256 0.0181726 -0.0163599 -0.0186598 -0.019153 -0.0191405 -0.0191484 -0.0191488 0.0189816 -0.0191589 0.0189734 -0.0191717 -0.0191487 -0.0190059 -0.0192011
internal_weight=0 382.81 344.882 140.151 87.7102 204.731 109.008 52.4407 94.2594 24.7346 13.4942 14.7491 170.915 74.216 27.7061 37.9286 164.174 156.681 151.698 32.1856 95.7224 141.227 87.4921 26.6999 14.9703 10.4712 11.7296
internal_count=2219 1534 1382 561 351 821 437 210 378 99 54 59 685 297 111 152 658 628 608 129 384 566 351 107 60 42 47
is_linear=0
shrinkage=0.01


Tree=7
num_leaves=29
num_cat=0
split_feature=1 1 1 1 1 1 1 1 1 1 1 1 1 1 1 1 2 1 1 1 1 1 1 1 1 1 1 1
split_gain=868.644 303.487 80.9539 196.912 48.2558 21.2328 141.326 15.6552 4.63143 2.11787 1.90074 1.57078 0.695465 0.694865 0.678114 0.502807 0.000777287 0.000147318 0.000111117 5.4804e-05 4.98626e-05 3.92974e-05 3.57053e-05 6.32415e-05 3.15493e-05 8.17304e-05 2.8505e-05 1.91393e-05
threshold=174026437709.50003 2777491178591.5005 1862882898048.0002 702778648817.50012 174026439395.50003 2384994529316.5005 1862882909300.5002 702778651969.00012 1862882910228.5002 174026436784.50003 702778654625.50012 174026441425.50003 702778651051.00012 1862882902371.0002 174026438578.00003 4363500794354.0005 31.500000000000004 4363500796978.0005 4363500795714.5005 174026424194.50003 4363500796259.0005 174026418050.50003 2384994532402.0005 2384994531569.5005 174026425537.00003 174026426436.50003 2384994534450.0005 174026419087.50003
decision_type=2 2 2 2 2 2 2 2 2 2 2 2 2 2 2 2 2 2 2 2 2 2 2 2 2 2 2 2
left_child=9 2 3 4 14 6 13 12 -8 16 -9 -6 -5 -4 -2 -3 -1 18 -17 21 -20 -18 23 -7 -21 -26 -24 -23
right_child=1 15 5 7 11 22 8 10 -10 -11 -12 -13 -14 -15 -16 17 19 -19 20 24 -22 27 26 -25 25 -27 -28 -29
leaf_value=-0.018883081022237645 -0.00031918464426621554 -0.015830405502075016 0.018851029767257874 -0.002434216775484993 0.015194753599826983 0.01881395266686554 -0.0055333601250030428 -0.015603363398095427 -0.015815870951186712 -0.013259013565497007 -0.0096457968691864137 0.018753467522486699 -0.006199638057051266 0.0170185476974152 -0.004802816249066034 -0.018999133710999455 -0.018973492553067763 -0.019021047653306176 -0.018934342474899061 -0.018964020597232834 -0.018974764216131371 -0.019009177584000607 0.01879743658874003 0.018851512209787088 -0.019015311155211791 -0.01897904433855491 0.018812602202729664 -0.018992799801167765
leaf_weight=7.9700008630752555 6.7459102720022184 5.9869806915521613 33.624111115932465 17.986837670207027 15.744512319564818 17.92832745611668 6.7443157732486751 22.946631610393528 12.497638106346129 6.738009884953498 6.9856148213148108 58.441325232386589 6.7443076074123374 53.806232109665871 6.7469157427549362 9.9721735864877754 9.4720081984996778 9.7239628881216031 6.2299832105636579 11.216204479336737 5.9819315522909164 8.7262122333049756 15.934392616152762 5.9776086360216132 6.7318425178527823 80.764345556497574 55.776084497570992 39.13915354013443
leaf_count=32 27 24 135 72 63 72 27 92 50 27 28 234 27 216 27 40 38 39 25 45 24 35 64 24 27 324 224 157
internal_value=0 0.00837159 0.0113252 0.00554742 0.0148343 0.0153908 0.0123235 -0.00934853 -0.0122118 -0.0187537 -0.014213 0.0179982 -0.00346107 0.0177233 -0.00256117 -0.0184896 -0.0189794 -0.0189886 -0.0189744 -0.0189843 -0.0189541 -0.0189921 0.0188128 0.0188233 -0.0189798 -0.0189818 0.0188092 -0.0189958
internal_weight=0 382.526 344.631 142.342 87.6787 202.289 106.672 54.6634 19.242 170.758 29.9322 74.1858 24.7311 87.4303 13.4928 37.895 164.02 31.9081 22.1841 156.05 12.2119 57.3374 95.6164 23.9059 98.7124 87.4962 71.7105 47.8654
internal_count=2219 1534 1382 570 351 812 428 219 77 685 120 297 99 351 54 152 658 128 89 626 49 230 384 96 396 351 288 192
is_linear=0
shrinkage=0.01


Tree=8
num_leaves=19
num_cat=0
split_feature=0 13 0 0 0 13 0 0 0 0 0 0 0 0 0 0 0 0
split_gain=559.08 159.101 88.8743 7.88068 4.3256 1.41419 1.32587 3.04162 1.22797 1.11403 2.71973 1.94153 2.93481 0.250082 0.200358 0.0584216 0.0426132 1.03287e-05
threshold=4278239.0000000009 1.9897303623432658 4306603.0000000009 4305701.0000000009 4305469.5000000009 1.9904005391494681 4296358.0000000009 4299672.0000000009 4295394.5000000009 4277674.5000000009 4277659.5000000009 4277632.5000000009 4277616.5000000009 5575758.5000000009 4305671.5000000009 4306115.0000000009 4277688.5000000009 4277646.5000000009
decision_type=2 2 2 2 2 2 2 2 2 2 2 2 2 2 2 2 2 2
left_child=1 9 3 4 6 -3 8 -8 -2 10 11 12 -1 -4 -6 -5 -11 -13
right_child=2 5 13 15 14 -7 7 -9 -10 16 -12 17 -14 -15 -16 -17 -18 -19
leaf_value=0.015284426000561615 -0.010878307474627244 -0.01303692116412446 0.013315218930009974 -0.0029347046096589134 -0.016082876171444601 -0.018707327650699872 -0.010867695980297827 -0.0081629764507311839 -0.0080133973008056168 0.017487463326814646 0.0094246868600912879 0.018578819824015193 0.0090577959089994456 0.011101509157308533 -0.013765209057762646 -0.0017055074158962564 0.018598110625305773 0.018596085885149032
leaf_weight=149.32422137260437 17.944134548306465 8.226517930626871 10.460534706711769 7.7329592406749708 7.2184005528688413 9.4512775391340238 115.14898248016834 65.074694097042084 89.997954130172729 8.2072688639163953 8.2232815325260145 11.43268556892872 7.9738240838050833 9.9642515480518341 7.7181627750396729 7.7334722727537155 5.9655145853757849 4.9711068868637076
leaf_count=600 72 33 42 31 29 38 462 261 361 33 33 46 32 40 31 31 24 20
internal_value=0 0.0126643 -0.00798633 -0.00928282 -0.00963811 -0.0160686 -0.00936613 -0.00989108 -0.00848966 0.0152545 0.0150442 0.0153102 0.0149688 0.0122353 -0.0148853 -0.00232009 0.0179549 0.0185841
internal_weight=0 213.776 338.994 318.569 303.102 17.6778 288.166 180.224 107.942 196.098 181.925 173.702 157.298 20.4248 14.9366 15.4664 14.1728 16.4038
internal_count=2219 859 1360 1278 1216 71 1156 723 433 788 731 698 632 82 60 62 57 66
is_linear=0
shrinkage=0.01


Tree=9
num_leaves=27
num_cat=0
split_feature=1 1 1 1 1 1 1 1 1 0 0 1 1 0 0 1 0 2 0 0 0 0 0 0 0 0
split_gain=843.966 294.95 76.15 201.398 47.188 21.3325 138.057 20.8405 10.6883 6.51902 3.63096 2.2718 2.08747 1.53374 1.35698 0.484856 0.00855299 0.00455784 0.00355433 0.00126875 0.00106084 0.000691228 0.000631357 0.000580655 0.000352759 0.000162161
threshold=174026437709.50003 2777491178591.5005 702778655060.00012 702778648817.50012 174026439395.50003 2384994529316.5005 1862882909832.5002 702778651969.00012 1862882908967.5002 4277688.5000000009 4298866.5000000009 1862882910972.5002 174026436784.50003 4297543.0000000009 4300146.5000000009 4363500794354.0005 4305701.0000000009 28.500000000000004 4305469.5000000009 4295440.0000000009 4306603.0000000009 4300170.5000000009 4299672.0000000009 4277632.5000000009 4296358.0000000009 4305671.5000000009
decision_type=2 2 2 2 2 2 2 2 2 2 2 2 2 2 2 2 2 2 2 2 2 2 2 2 2 2
left_child=12 2 3 4 10 6 8 9 -4 -5 -2 -8 16 -6 -9 -3 17 -1 22 -17 23 24 -19 -7 -21 -20
right_child=1 15 5 7 13 20 11 14 -10 -11 -12 -13 -14 -15 -16 19 -18 18 25 21 -22 -23 -24 -25 -26 -27
leaf_value=-0.018412408718578639 0.0015349508358522578 -0.015632764429565571 0.017440474909223218 0.0059807749105663024 0.019325865026045653 0.018521982643341647 -0.019657741554765362 -0.01705942634486117 0.0043686532826559057 -0.0061777740664928629 -0.0092107191825844016 -0.011668008914791882 -0.013044021709978416 0.016449499940812861 -0.011405339812303973 -0.018589354043350527 -0.019056736955424165 -0.018722424463896412 -0.018500950696404738 -0.01877820179857026 0.018627584071950067 -0.018858092313822704 -0.01877375416401 0.018458699492721949 -0.018696020824255463 -0.018579883256139667
leaf_weight=4.9628272652626029 8.4971794784069044 5.9795038104057303 87.235106602311134 5.7448410093784359 37.190554887056351 68.808491691946983 8.7469882667064649 22.413054376840595 6.7382817119359961 18.975873917341232 4.9918192625045767 5.9999576508998862 6.7305598855018607 36.962407410144806 5.2364375889301291 4.9708121865987804 7.4808557629585257 110.23339426517487 4.9671743959188444 10.206607460975652 8.2051703333854658 5.9772828221321097 30.618766471743584 18.370002195239067 10.697677433490751 5.467868834733963
leaf_count=20 34 24 351 23 149 277 35 90 27 76 20 24 27 148 21 20 30 443 20 41 33 24 123 74 43 22
internal_value=0 0.00825743 0.0111712 0.00549145 0.0147625 0.0150673 0.0120392 -0.0100238 0.0165032 -0.00335225 -0.00244166 -0.016407 -0.0185021 0.0178921 -0.0159886 -0.0182456 -0.0187264 -0.0187106 -0.0187204 -0.0187361 0.0185189 -0.0187633 -0.0187336 0.0185086 -0.0187361 -0.0185423
internal_weight=0 381.948 344.116 140.012 87.642 204.104 108.72 52.3702 93.9734 24.7207 13.489 14.7469 170.461 74.153 27.6495 37.8319 163.731 156.25 151.287 31.8524 95.3837 26.8816 140.852 87.1785 20.9043 10.435
internal_count=2219 1534 1382 561 351 821 437 210 378 99 54 59 685 297 111 152 658 628 608 128 384 108 566 351 84 42
is_linear=0
shrinkage=0.01


Tree=10
num_leaves=28
num_cat=0
split_feature=1 1 1 1 1 1 1 1 0 0 1 0 1 1 1 0 0 2 0 0 0 0 0 0 0 0 1
split_gain=828.22 289.411 74.8386 189.28 46.2951 20.5372 136.292 15.103 6.39044 5.19839 4.42437 3.56023 2.05585 1.52123 0.681568 0.481051 0.00808327 0.00430966 0.00336031 0.00127339 0.0010032 0.000596696 0.000549012 0.000287029 0.000168135 0.00015336 3.18081e-05
threshold=174026437709.50003 2777491178591.5005 1862882898048.0002 702778648817.50012 174026439395.50003 2384994529316.5005 1862882909300.5002 702778651969.00012 4277688.5000000009 4295763.0000000009 1862882910228.5002 4298866.5000000009 174026436784.50003 174026441425.50003 1862882902371.0002 4304179.0000000009 4305701.0000000009 28.500000000000004 4305469.5000000009 4295440.0000000009 4306603.0000000009 4299672.0000000009 4277632.5000000009 4296358.0000000009 4299125.5000000009 4305671.5000000009 4363500795108.5005
decision_type=2 2 2 2 2 2 2 2 2 2 2 2 2 2 2 2 2 2 2 2 2 2 2 2 2 2 2
left_child=12 2 3 4 11 6 14 8 -5 -9 -8 -2 16 -6 -4 19 17 -1 21 -3 22 -19 -7 26 -25 -20 -21
right_child=1 15 5 7 13 20 10 9 -10 -11 -12 -13 -14 -15 -16 -17 -18 18 25 23 -22 -23 -24 24 -26 -27 -28
leaf_value=-0.018258933260028622 0.0015195597346683216 -0.018424304516882126 0.018407798344942845 0.0059212182019331688 0.014965530650079136 0.018365593649202334 -0.005593227261454157 -0.0078746560949736061 -0.0061173308038124357 -0.01678209094605693 -0.015645108696520107 -0.0091222009378041386 -0.012923171352956514 0.01846895042172771 0.016589578728056133 -0.015417121539135751 -0.018885811551212162 -0.018560641211155273 -0.018345121355083115 -0.018648245964677908 0.018468362411156899 -0.018610575125266079 0.018304009306232716 -0.018535462023794344 -0.01860400445349996 -0.018421941651853364 -0.018614878553590373
leaf_weight=4.9545377492904654 8.4974079728126508 5.4593598544597617 33.496567130088806 5.7445986717939403 15.735242113471029 68.701006293296814 6.7415834069252041 9.7067091614007968 18.971753880381584 20.158365935087204 12.493874177336691 4.9898649007081977 6.7255900651216498 58.36841057240963 53.61687932908535 5.7278132885694495 7.4731133282184592 110.08304107189178 4.9593125283718091 4.9736789166927355 8.1932097971439344 30.578560218214989 18.340145483613014 8.9437720477581006 5.9661660194396964 5.4596411883831024 6.7126267999410629
leaf_count=20 34 22 135 23 63 277 27 39 76 81 50 20 27 234 216 23 30 443 20 20 33 123 74 36 24 22 27
internal_value=0 0.00818367 0.0110711 0.00551517 0.0146235 0.0149896 0.0119691 -0.00910159 -0.00331932 -0.013887 -0.0121222 -0.00241756 -0.0183417 0.017725 0.0172887 -0.0180865 -0.0185645 -0.0185491 -0.0185587 -0.0185634 0.0183626 -0.0185715 0.0183526 -0.018592 -0.0185629 -0.0183854 -0.0186291
internal_weight=0 381.539 343.756 142.172 87.5909 201.583 106.349 54.5814 24.7164 29.8651 19.2355 13.4873 170.234 74.1037 87.1134 37.7834 163.508 156.035 151.081 32.0556 95.2344 140.662 87.0412 26.5962 14.9099 10.419 11.6863
internal_count=2219 1534 1382 570 351 812 428 219 99 120 77 54 685 297 351 152 658 628 608 129 384 566 351 107 60 42 47
is_linear=0
shrinkage=0.01


Tree=11
num_leaves=27
num_cat=0
split_feature=1 1 1 1 1 1 1 1 1 0 0 1 1 0 0 1 0 12 0 0 0 0 0 0 0 0
split_gain=812.886 284.01 73.6438 193.852 45.4301 20.6063 133.187 20.1488 10.3102 6.27034 3.49103 2.24841 2.02597 1.51022 1.35134 0.477909 0.00764317 0.00407696 0.00317841 0.00122463 0.00094915 0.000771252 0.000577742 0.000519319 0.000315744 0.00014511
threshold=174026437709.50003 2777491178591.5005 702778655060.00012 702778648817.50012 174026439395.50003 2384994529316.5005 1862882909832.5002 702778651969.00012 1862882908967.5002 4278239.0000000009 4298866.5000000009 1862882910972.5002 174026436784.50003 4297543.0000000009 4300146.5000000009 4363500794354.0005 4305701.0000000009 1.9808932560376222 4305469.5000000009 4300170.5000000009 4306603.0000000009 4295440.0000000009 4296358.0000000009 4277632.5000000009 4296358.0000000009 4305671.5000000009
decision_type=2 2 2 2 2 2 2 2 2 2 2 2 2 2 2 2 2 2 2 2 2 2 2 2 2 2
left_child=12 2 3 4 10 6 8 9 -4 -5 -2 -8 16 -6 -9 -3 17 18 22 21 23 -17 -1 -7 -23 -20
right_child=1 15 5 7 13 20 11 14 -10 -11 -12 -13 -14 -15 -16 19 -18 -19 25 -21 -22 24 -24 -25 -26 -27
leaf_value=-0.018438561760429899 0.0015043255258879928 -0.015334828706541698 0.017150377789785249 0.0053765416446354651 0.018986286705026167 0.018213358219229255 -0.019347329371535323 -0.016788797539726209 0.0043084704132760306 -0.0062156818075130025 -0.0090348784010782068 -0.011397001285792182 -0.012804427622565513 0.016129946210737857 -0.011141655390375744 -0.018277284195477028 -0.018719601861858361 -0.018109502246573705 -0.018193424658809132 -0.01854843821218544 0.018313402349776062 -0.018455923175180161 -0.018397181483528605 0.018153409477667443 -0.018378062041050854 -0.018268213568121174
leaf_weight=56.342694818973541 8.4976243972778303 5.9670351296663275 86.981295391917229 6.243678584694865 37.128871187567711 68.583071827888489 8.7394688576459867 22.365282893180851 6.7360313534736624 18.467898234724998 4.9877220541238776 5.9988490194082251 6.7201080918312064 36.913982003927231 5.2279909104108802 4.9551726877689424 7.4641160815954199 4.9455109238624564 4.9506993442773801 5.9624759703874579 8.1799774169921857 10.178254991769792 84.106067314743996 18.307533591985703 10.666241526603697 5.4505735784769058
leaf_count=227 34 24 351 25 149 277 35 90 27 74 20 24 27 148 21 20 30 20 20 24 33 41 339 74 43 22
internal_value=0 0.00811148 0.0109731 0.00538588 0.0144877 0.0148119 0.0118328 -0.00984528 0.0162274 -0.00328677 -0.00239373 -0.0161114 -0.0181855 0.0175623 -0.0157189 -0.0179315 -0.018407 -0.018392 -0.0184013 -0.0184193 0.0182104 -0.0183894 -0.0184138 0.0182007 -0.0184161 -0.0182326
internal_weight=0 381.088 343.359 139.833 87.5282 203.526 108.456 52.3049 93.7173 24.7116 13.4853 14.7383 169.98 74.0429 27.5933 37.7292 163.26 155.796 150.85 31.7621 95.0706 25.7997 140.449 86.8906 20.8445 10.4013
internal_count=2219 1534 1382 561 351 821 437 210 378 99 54 59 685 297 111 152 658 628 608 128 384 104 566 351 84 42
is_linear=0
shrinkage=0.01


Tree=12
num_leaves=27
num_cat=0
split_feature=1 1 1 1 1 1 1 1 1 0 0 1 1 1 0 0 0 13 0 0 0 0 0 1 0 0
split_gain=797.956 278.751 72.401 190.153 44.5912 20.2727 130.724 19.7941 10.146 6.14779 3.42331 2.20962 1.99773 1.5017 1.33013 0.475633 0.00723053 0.00385863 0.00300778 0.00115477 0.000898417 0.000546909 0.000491474 0.000319019 0.000178956 0.000137364
threshold=174026437709.50003 2777491178591.5005 702778655060.00012 702778648817.50012 174026439395.50003 2384994529316.5005 1862882909832.5002 702778651969.00012 1862882908967.5002 4277688.5000000009 4298866.5000000009 1862882910972.5002 174026436784.50003 174026441425.50003 4300146.5000000009 4304179.0000000009 4305701.0000000009 1.9904005391494681 4305469.5000000009 4295440.0000000009 4306603.0000000009 4299672.0000000009 4277632.5000000009 4363500794663.5005 4296358.0000000009 4305671.5000000009
decision_type=2 2 2 2 2 2 2 2 2 2 2 2 2 2 2 2 2 2 2 2 2 2 2 2 2 2
left_child=12 2 3 4 10 6 8 9 -4 -5 -2 -8 16 -6 -9 19 17 18 21 -3 22 -1 -7 -21 -25 -20
right_child=1 15 5 7 13 20 11 14 -10 -11 -12 -13 -14 -15 -16 -17 -18 -19 25 23 -22 -23 -24 24 -26 -27
leaf_value=-0.018249862154709529 0.0014892467648599216 -0.018122916840854538 0.017007356189359547 0.0058089925504926409 0.01466027208542748 0.018065121420441008 -0.019168243559073206 -0.016643598990708421 0.0042662230501309493 -0.006000042741136421 -0.0089487226285128296 -0.011285155246158139 -0.012687725051234618 0.018143540241360428 -0.011038525069876142 -0.015123439532449323 -0.018557922928879717 -0.017963964683087731 -0.018045706245642782 -0.018355167035207922 0.01816254260588079 -0.018297742300460926 0.018006746111105591 -0.018301326190520942 -0.01824256844947791 -0.018118539267568592
leaf_weight=109.73053286969662 8.4978287518024427 5.4405782669782665 86.836347728967667 5.7438613921403912 15.715705931186674 68.455020725727081 8.7329408526420575 22.334943875670437 6.7347155064344397 18.962391391396523 4.9853965938091269 5.9977251887321463 6.7141305953264228 58.255774348974228 5.2240858376026145 5.7153014242649069 7.4539033621549597 4.9357703328132621 4.9413590282201749 4.9597655087709454 8.1655136346816999 30.483818635344505 18.272255703806877 8.6746187210083026 12.879245325922964 5.4406929463148117
leaf_count=443 34 22 351 23 63 277 35 90 27 76 20 24 27 234 21 23 30 20 20 20 33 123 74 35 52 22
internal_value=0 0.00804107 0.0108776 0.00533636 0.0143549 0.0146878 0.0117312 -0.00975426 0.0160903 -0.00325461 -0.00237017 -0.0159586 -0.0180335 0.0174035 -0.0155811 -0.0177804 -0.0182537 -0.0182391 -0.0182481 -0.0182556 0.0180623 -0.0182603 0.0180528 -0.0182829 -0.0182662 -0.0180839
internal_weight=0 380.584 342.915 139.72 87.4547 203.195 108.302 52.2653 93.5711 24.7063 13.4832 14.7307 169.7 73.9715 27.559 37.6695 162.986 155.532 150.596 31.9542 94.8928 140.214 86.7273 26.5136 21.5539 10.3821
internal_count=2219 1534 1382 561 351 821 437 210 378 99 54 59 685 297 111 152 658 628 608 129 384 566 351 107 87 42
is_linear=0
shrinkage=0.01


Tree=13
num_leaves=19
num_cat=0
split_feature=0 2 0 0 0 2 0 0 0 0 0 0 0 0 0 0 0 0
split_gain=508.956 146.134 81.1336 7.32634 4.01063 1.32353 1.26272 2.8395 1.17558 1.05939 2.57676 1.8082 2.8468 0.244359 0.193658 0.0559995 0.0390172 1.8423e-05
threshold=4278239.0000000009 30.500000000000004 4306603.0000000009 4305701.0000000009 4305469.5000000009 28.500000000000004 4296358.0000000009 4299672.0000000009 4295394.5000000009 4277674.5000000009 4277659.5000000009 4277632.5000000009 4277616.5000000009 5575758.5000000009 4305671.5000000009 4306115.0000000009 4277688.5000000009 4277646.5000000009
decision_type=2 2 2 2 2 2 2 2 2 2 2 2 2 2 2 2 2 2
left_child=1 5 3 4 6 -1 8 -8 -2 10 11 12 -3 -4 -6 -5 -11 -13
right_child=2 9 13 15 14 -7 7 -9 -10 16 -12 17 -14 -15 -16 -17 -18 -19
leaf_value=-0.018057776287660122 -0.010445141514675512 0.014659366410474366 0.012816333477726514 -0.0027525744821112279 -0.01547292416528835 -0.012555249890190924 -0.010418841631980914 -0.0077988042120606628 -0.0076341577244976849 0.016818568525662454 0.0089322752764398137 0.01784421834697798 0.0085089992756572207 0.010621283299789104 -0.013186493726965506 -0.0015464386330088043 0.017885764436327469 0.017867379710076771
leaf_weight=9.3780348002910614 17.842909187078476 148.26359052956104 10.395529866218567 7.6980746835470182 7.1687138825654966 8.1878031641244888 114.5296136289835 64.750220939517021 89.526110500097275 8.1423565447330457 8.1765419989824277 11.332074522972109 7.9282743930816642 9.9025516360998154 7.6655862182378769 7.6994872093200684 5.9142263680696479 4.9275913238525382
leaf_count=38 72 600 42 31 29 33 462 261 361 33 33 46 32 40 31 31 24 20
internal_value=0 0.0121309 -0.00763618 -0.00887769 -0.00922132 -0.0154929 -0.00895893 -0.00947257 -0.0081013 0.0146233 0.0144175 0.0146776 0.0143472 0.0117455 -0.0142914 -0.00214945 0.0172676 0.0178512
internal_weight=0 212.25 337.179 316.881 301.483 17.5658 286.649 179.28 107.369 194.685 180.628 172.452 156.192 20.2981 14.8343 15.3976 14.0566 16.2597
internal_count=2219 859 1360 1278 1216 71 1156 723 433 788 731 698 632 82 60 62 57 66
is_linear=0
shrinkage=0.01


Tree=14
num_leaves=27
num_cat=0
split_feature=1 1 1 1 1 1 1 1 0 0 1 0 1 0 1 1 0 2 0 0 0 0 0 0 0 0
split_gain=776.117 271.177 68.1985 178.604 43.6264 19.5914 129.294 14.3512 5.95347 4.98755 4.13032 3.35862 1.97601 1.47415 0.669391 0.463074 0.0105273 0.00554495 0.00431254 0.0017531 0.00127083 0.00108441 0.000817358 0.000701537 0.000440658 0.000199018
threshold=174026437709.50003 2777491178591.5005 1862882898048.0002 702778648817.50012 174026439395.50003 2384994529316.5005 1862882909300.5002 702778651969.00012 4277688.5000000009 4295763.0000000009 1862882910228.5002 4298866.5000000009 174026436784.50003 4297543.0000000009 1862882902371.0002 4363500794354.0005 4305701.0000000009 28.500000000000004 4305469.5000000009 4300170.5000000009 4306603.0000000009 4295440.0000000009 4299672.0000000009 4277674.5000000009 4296358.0000000009 4305671.5000000009
decision_type=2 2 2 2 2 2 2 2 2 2 2 2 2 2 2 2 2 2 2 2 2 2 2 2 2 2
left_child=12 2 3 4 11 6 14 8 -5 -9 -8 -2 16 -6 -4 -3 17 -1 22 21 23 -17 -19 -7 -23 -20
right_child=1 15 5 7 13 20 10 9 -10 -11 -12 -13 -14 -15 -16 19 -18 18 25 -21 -22 24 -24 -25 -26 -27
leaf_value=-0.017682193736470102 0.0015648347583315134 -0.015004178405072035 0.017862785619500599 0.0057696367556696005 0.018715290455109872 0.017800959777020654 -0.0056136900477587728 -0.0075664014402636827 -0.0058547085453278108 -0.016309205748489392 -0.015330032850204329 -0.0087777764186793925 -0.012489839655913992 0.015890755289820899 0.016054803231888581 -0.017876530404465466 -0.01839777223819699 -0.018025389842808676 -0.017780494652130715 -0.01820049659639033 0.01792361507008932 -0.018088698125931696 -0.018084000846858878 0.017692071783383549 -0.017996512167714807 -0.017868324594650424
leaf_weight=4.914088547229766 8.4966651648282987 5.9473156780004492 33.265362128615379 5.7407384663820293 37.051412269473076 80.007513731718063 6.7361965179443386 9.6691492795944232 18.948151886463165 20.066933766007423 12.481320962309836 4.980094611644744 6.7025125771760932 36.859786346554756 53.273288667201996 4.9288095235824647 7.4418790638446799 109.41941225528717 4.922089755535124 5.9401093274354926 8.1392045021057111 10.135562658309938 30.404771730303764 6.389371544122695 10.616716325283049 5.4217225164175034
leaf_count=20 34 24 135 23 149 325 27 39 76 81 50 20 27 148 216 20 30 443 20 24 33 41 123 26 43 22
internal_value=0 0.0079387 0.0107393 0.00543314 0.0142896 0.0144962 0.0115393 -0.00878733 -0.00315178 -0.0134663 -0.0119242 -0.00225709 -0.0178109 0.0173067 0.0167498 -0.0175642 -0.0180304 -0.0180127 -0.0180236 -0.0180457 0.0178042 -0.0180099 -0.0180381 0.0177929 -0.0180415 -0.0178265
internal_weight=0 379.674 342.105 141.813 87.388 200.292 105.756 54.425 24.6889 29.7361 19.2175 13.4768 169.226 73.9112 86.5387 37.5685 162.524 155.082 150.168 31.6212 94.5361 25.6811 139.824 86.3969 20.7523 10.3438
internal_count=2219 1534 1382 570 351 812 428 219 99 120 77 54 685 297 351 152 658 628 608 128 384 104 566 351 84 42
is_linear=0
shrinkage=0.01


Tree=15
num_leaves=29
num_cat=0
split_feature=1 1 1 1 1 1 1 1 1 1 1 1 1 1 1 1 2 1 1 1 1 1 1 1 1 1 1 1
split_gain=762.121 266.234 67.1585 182.914 42.8364 19.6694 126.329 19.1293 9.83194 2.18031 1.95103 1.461 0.817613 0.677342 0.632205 0.457907 0.00144182 0.000333233 0.000417229 0.000156186 0.000116046 9.82476e-05 7.08989e-05 0.000173865 6.94084e-05 0.000125849 5.55262e-05 4.5254e-05
threshold=174026437709.50003 2777491178591.5005 702778655060.00012 702778648817.50012 174026439395.50003 2384994529316.5005 1862882909832.5002 702778651969.00012 1862882908967.5002 1862882910972.5002 174026436784.50003 174026441425.50003 702778654305.00012 174026438578.00003 702778651051.00012 4363500794354.0005 31.500000000000004 4363500796402.0005 4363500795714.5005 4363500797121.0005 174026424194.50003 174026418050.50003 174026425537.00003 174026426436.50003 2384994532402.0005 2384994531569.5005 2384994534450.0005 174026419087.50003
decision_type=2 2 2 2 2 2 2 2 2 2 2 2 2 2 2 2 2 2 2 2 2 2 2 2 2 2 2 2
left_child=10 2 3 4 13 6 8 14 -4 -8 16 -6 -9 -2 -5 -3 -1 18 -17 -19 21 -18 -22 -24 25 -7 -26 -23
right_child=1 15 5 7 11 24 9 12 -10 -11 -12 -13 -14 -15 -16 17 20 19 -20 -21 22 27 23 -25 26 -27 -28 -29
leaf_value=-0.017754822542567644 7.5693691352103406e-06 -0.014875051487958597 0.016625097822034602 -0.0021413510382390609 0.014447085517137245 0.017667963134082525 -0.018998188798742929 -0.014249657821224806 0.0040736358165953035 -0.011165394088665055 -0.012378404555143092 0.017885295098043513 -0.018222183208401469 -0.0044766115143548687 -0.0057354388720723352 -0.017917293839522935 -0.017875397685532982 -0.017977774885536521 -0.017820525384614868 -0.017909360689533856 -0.017863198643474191 -0.017931548121786465 -0.017939141525947305 -0.017885962637097155 0.017644917749781917 0.017721296538658612 0.017666231134653865 -0.017906228844767263
leaf_weight=7.8663130402564994 6.7357680946588498 5.9389950037002555 86.366081103682518 17.954341024160389 15.69654858112335 17.685998469591144 8.7245942056179029 20.529985234141353 6.7270585149526587 5.9960548877716056 6.6952585875987998 58.126209571957588 6.9298530817031851 6.7384018003940582 6.7282370477914801 9.8646356910467201 9.365291476249693 5.9221850931644422 8.1258468180894834 7.6442302167415619 11.088397219777105 8.6335215866565687 6.6607568860054007 79.864814668893814 15.714609697461126 5.9004319608211508 55.020303875207901 38.712018713355064
leaf_count=32 27 24 351 72 63 72 35 83 27 24 27 234 28 27 27 40 38 24 33 31 45 35 27 324 64 24 224 157
internal_value=0 0.0078719 0.0106486 0.00530985 0.0141615 0.0143314 0.0114136 -0.00950969 0.0157181 -0.0158077 -0.0176685 0.0171542 -0.0152522 -0.00223496 -0.00312107 -0.0174224 -0.0178869 -0.0179018 -0.0178736 -0.0179392 -0.0178936 -0.017905 -0.017887 -0.0178901 0.0176664 0.0176813 0.0176615 -0.0179108
internal_weight=0 379.07 341.574 139.439 87.2969 202.135 107.814 52.1424 93.0931 14.7206 168.886 73.8228 27.4598 13.4742 24.6826 37.4959 162.191 31.5569 17.9905 13.5664 154.325 56.7108 97.614 86.5256 94.3213 23.5864 70.7349 47.3455
internal_count=2219 1534 1382 561 351 821 437 210 378 59 685 297 111 54 99 152 658 128 73 55 626 230 396 351 384 96 288 192
is_linear=0
shrinkage=0.01


Tree=16
num_leaves=27
num_cat=0
split_feature=1 1 1 1 1 1 1 1 1 0 0 1 1 0 0 0 0 2 0 0 0 0 0 1 0 0
split_gain=748.479 261.414 66.0854 179.474 42.0732 19.3707 124.044 18.8077 9.68635 5.83079 3.29655 2.14504 1.92741 1.45683 1.32063 0.455713 0.00961037 0.00502548 0.00393047 0.00155988 0.00115932 0.000744189 0.000643269 0.000532437 0.000244098 0.000181654
threshold=174026437709.50003 2777491178591.5005 702778655060.00012 702778648817.50012 174026439395.50003 2384994529316.5005 1862882909832.5002 702778651969.00012 1862882908967.5002 4278239.0000000009 4298866.5000000009 1862882910972.5002 174026436784.50003 4297543.0000000009 4300146.5000000009 4304179.0000000009 4305701.0000000009 28.500000000000004 4305469.5000000009 4295440.0000000009 4306603.0000000009 4299672.0000000009 4277632.5000000009 4363500794663.5005 4296358.0000000009 4305671.5000000009
decision_type=2 2 2 2 2 2 2 2 2 2 2 2 2 2 2 2 2 2 2 2 2 2 2 2 2 2
left_child=12 2 3 4 10 6 8 9 -4 -5 -2 -8 16 -6 -9 19 17 -1 21 -3 22 -19 -7 -21 -25 -20
right_child=1 15 5 7 13 20 11 14 -10 -11 -12 -13 -14 -15 -16 -17 -18 18 25 23 -22 -23 -24 24 -26 -27
leaf_value=-0.017414726971379021 0.001572883452390526 -0.017596470031987159 0.016494340724131175 0.0052656539270096161 0.018408036279570522 0.017535559811547585 -0.018828890081285531 -0.016186121002058306 0.004033845103278721 -0.0059177262786639494 -0.0086760344204435975 -0.01105724057796716 -0.012268785503596785 0.015596585564199378 -0.010588944267509667 -0.014677598713478113 -0.018098724690642675 -0.017742265217309098 -0.017507881753066473 -0.01787679116602776 0.017646553378189451 -0.017798307733345443 0.017468480050687307 -0.017802652480582475 -0.017733792249863316 -0.017591989308193962
leaf_weight=4.8898082971572867 8.4964696466922742 5.3967243582010296 86.181154116988182 6.2396611720323589 36.947181463241577 67.881296336650848 8.7150571644306165 22.213179424405102 6.725489690899848 18.439775452017784 4.9765894860029212 5.9941661208868018 6.6875669658184043 36.776860296726227 5.2028059363365164 5.6880627423524848 7.4159519374370566 108.95503415167332 4.8986928015947324 4.929307475686076 8.1031821072101575 30.279405727982521 18.109767958521843 8.616698160767557 12.78754338622093 5.396949514746666
leaf_count=20 34 22 351 25 149 277 35 90 27 74 20 24 27 148 21 23 30 443 20 20 33 123 74 35 52 22
internal_value=0 0.00780664 0.0105599 0.00526232 0.0140361 0.0142181 0.0113204 -0.00942315 0.0155923 -0.00309025 -0.00221279 -0.0156619 -0.0175297 0.0170056 -0.0151239 -0.0172841 -0.0177471 -0.0177302 -0.0177405 -0.0177514 0.0175322 -0.0177545 0.0175214 -0.0177831 -0.0177615 -0.017552
internal_weight=0 378.421 341.003 139.293 87.1971 201.71 107.616 52.0954 92.9066 24.6794 13.4731 14.7092 168.523 73.724 27.416 37.4183 161.836 154.42 149.53 31.7303 94.0942 139.234 85.9911 26.3335 21.4042 10.2956
internal_count=2219 1534 1382 561 351 821 437 210 378 99 54 59 685 297 111 152 658 628 608 129 384 566 351 107 87 42
is_linear=0
shrinkage=0.01


Tree=17
num_leaves=19
num_cat=0
split_feature=0 2 0 0 0 2 0 0 0 0 0 0 0 0 0 0 0 0
split_gain=473.097 136.707 75.5394 6.93351 3.78555 1.26664 1.20985 2.69883 1.13366 1.02014 2.47531 1.7177 2.78456 0.239144 0.189249 0.0544315 0.0364079 2.98857e-05
threshold=4278239.0000000009 30.500000000000004 4306603.0000000009 4305701.0000000009 4305469.5000000009 28.500000000000004 4296358.0000000009 4299672.0000000009 4295394.5000000009 4277674.5000000009 4277659.5000000009 4277632.5000000009 4277616.5000000009 5575758.5000000009 4305671.5000000009 4306115.0000000009 4277688.5000000009 4277646.5000000009
decision_type=2 2 2 2 2 2 2 2 2 2 2 2 2 2 2 2 2 2
left_child=1 5 3 4 6 -1 8 -8 -2 10 11 12 -3 -4 -6 -5 -11 -13
right_child=2 9 13 15 14 -7 7 -9 -10 16 -12 17 -14 -15 -16 -17 -18 -19
leaf_value=-0.017584926682426612 -0.0101268050223012 0.014207076492575965 0.01244842653482001 -0.002615168674880884 -0.015032014344247693 -0.012184181758740045 -0.010089410432268898 -0.0075280453760414139 -0.0073580512996076252 0.016337423462747712 0.0085714214519924357 0.017319185780146878 0.0081054201811370189 0.010269666754026643 -0.012763347097052688 -0.0014232017649433923 0.017372982899543241 0.017348826136586462
leaf_weight=9.299538791179657 17.734103783965111 147.13245749473572 10.326176375150681 7.660924941301344 7.1153769046068174 8.1468072533607483 113.86868850886822 64.404162794351578 89.02218958735466 8.0728245079517347 8.1269189119338971 11.224316060543062 7.8798742890357962 9.8368839919567108 7.6091553121805191 7.6634309142827988 5.8590994626283637 4.88095898926258
leaf_count=38 72 600 42 31 29 33 462 261 361 33 33 46 32 40 31 31 24 20
internal_value=0 0.0117452 -0.0073791 -0.00857992 -0.00891533 -0.015063 -0.0086599 -0.00916407 -0.00781799 0.0141663 0.0139638 0.0142198 0.0138969 0.0113855 -0.0138596 -0.00201909 0.0167729 0.0173282
internal_weight=0 210.623 335.241 315.078 299.754 17.4463 285.029 178.273 106.756 193.176 179.245 171.118 155.012 20.1631 14.7245 15.3244 13.9319 16.1053
internal_count=2219 859 1360 1278 1216 71 1156 723 433 788 731 698 632 82 60 62 57 66
is_linear=0
shrinkage=0.01


end of trees

feature_importances:
Column_0=224
Column_1=177
Column_2=17
Column_13=3
Column_12=2
Column_14=2

parameters:
[boosting: gbdt]
[objective: binary]
[metric: l2]
[tree_learner: serial]
[device_type: cpu]
[data_sample_strategy: bagging]
[data: ]
[valid: ]
[num_iterations: 8000]
[learning_rate: 0.01]
[num_leaves: 31]
[num_threads: 0]
[seed: 0]
[deterministic: 0]
[force_col_wise: 0]
[force_row_wise: 0]
[histogram_pool_size: -1]
[max_depth: 6]
[min_data_in_leaf: 20]
[min_sum_hessian_in_leaf: 0.001]
[bagging_fraction: 0.8]
[pos_bagging_fraction: 1]
[neg_bagging_fraction: 1]
[bagging_freq: 0]
[bagging_seed: 3]
[feature_fraction: 0.8]
[feature_fraction_bynode: 1]
[feature_fraction_seed: 2]
[extra_trees: 0]
[extra_seed: 6]
[early_stopping_round: 0]
[early_stopping_min_delta: 0]
[first_metric_only: 0]
[max_delta_step: 0]
[lambda_l1: 0]
[lambda_l2: 0]
[linear_lambda: 0]
[min_gain_to_split: 0]
[drop_rate: 0.1]
[max_drop: 50]
[skip_drop: 0.5]
[xgboost_dart_mode: 0]
[uniform_drop: 0]
[drop_seed: 4]
[top_rate: 0.2]
[other_rate: 0.1]
[min_data_per_group: 100]
[max_cat_threshold: 32]
[cat_l2: 10]
[cat_smooth: 10]
[max_cat_to_onehot: 4]
[top_k: 20]
[monotone_constraints: ]
[monotone_constraints_method: basic]
[monotone_penalty: 0]
[feature_contri: ]
[forcedsplits_filename: ]
[refit_decay_rate: 0.9]
[cegb_tradeoff: 1]
[cegb_penalty_split: 0]
[cegb_penalty_feature_lazy: ]
[cegb_penalty_feature_coupled: ]
[path_smooth: 0]
[interaction_constraints: ]
[verbosity: 1]
[saved_feature_importance_type: 0]
[use_quantized_grad: 0]
[num_grad_quant_bins: 4]
[quant_train_renew_leaf: 0]
[stochastic_rounding: 1]
[linear_tree: 0]
[max_bin: 255]
[max_bin_by_feature: ]
[min_data_in_bin: 3]
[bin_construct_sample_cnt: 200000]
[data_random_seed: 1]
[is_enable_sparse: 1]
[enable_bundle: 1]
[use_missing: 1]
[zero_as_missing: 0]
[feature_pre_filter: 1]
[pre_partition: 0]
[two_round: 0]
[header: 0]
[label_column: ]
[weight_column: ]
[group_column: ]
[ignore_column: ]
[categorical_feature: ]
[forcedbins_filename: ]
[precise_float_parser: 0]
[parser_config_file: ]
[objective_seed: 5]
[num_class: 1]
[is_unbalance: 0]
[scale_pos_weight: 1]
[sigmoid: 1]
[boost_from_average: 1]
[reg_sqrt: 0]
[alpha: 0.9]
[fair_c: 1]
[poisson_max_delta_step: 0.7]
[tweedie_variance_power: 1.5]
[lambdarank_truncation_level: 30]
[lambdarank_norm: 1]
[label_gain: ]
[lambdarank_position_bias_regularization: 0]
[eval_at: ]
[multi_error_top_k: 1]
[auc_mu_weights: ]
[num_machines: 1]
[local_listen_port: 12400]
[time_out: 120]
[machine_list_filename: ]
[machines: ]
[gpu_platform_id: -1]
[gpu_device_id: -1]
[gpu_use_dp: 0]
[num_gpu: 1]

end of parameters

pandas_categorical:null
